1 10 11 15 16 17 19 2 20 22 24 26 27 28 3 31 32 34 35 36 37 38 39 4 42 43 45 46 49 55 56 57 59 6 60 61 62 64 65 66 68 69 7 70 71 72 73 74 75 76 77 79 8 80 83 85 88 9 94 95 96 99
10 1 11 12 15 16 17 2 20 21 22 24 27 28 3 31 32 34 36 37 39 4 40 42 43 45 46 48 49 55 57 58 6 62 64 65 66 68 70 71 73 74 75 76 77 79 83 85 9
100 10 17 20 21 23 24 30 33 35 38 4 46 5 51 60 66 68 70 73 74 82 93
11 46 55 66 73 89
12 10 11 13 14 15 16 17 2 20 21 22 24 26 28 3 31 32 33 35 36 37 38 39 4 40 43 44 45 46 48 49 50 51 53 55 56 58 6 60 62 63 64 65 66 67 68 69 7 70 71 73 74 75 76 77 78 80 81 83 85 86 88 9 91 94 96 97 99
13 
14 11 12 17 21 24 26 32 36 4 53 55 64 66 67 73 74 75 76 83
15 10 102 11 13 17 2 24 28 3 30 32 33 35 36 39 4 43 45 46 48 55 62 66 68 70 71 74 75 76 77 80 89 9 94 96 98
16 12 17 2 20 21 28 3 32 4 48 49 6 77 83
17 10 103 11 12 13 14 15 16 18 19 2 20 21 22 24 26 27 28 3 31 32 33 34 35 36 37 38 39 4 40 41 42 43 44 45 46 47 48 49 50 51 53 54 55 56 57 58 59 6 60 61 62 63 64 65 66 67 68 69 7 70 71 73 74 75 76 77 78 79 8 80 81 83 85 86 87 88 9 91 94 95 96 97 99
18 
19 10 12 15 17 2 20 21 22 24 26 27 28 3 31 32 35 36 38 4 40 42 43 45 46 50 53 54 55 56 57 59 6 60 62 65 66 70 71 73 74 75 76 81 83 85 9 90 92 94 95 96
2 10 100 101 11 12 14 15 16 17 19 20 21 22 23 24 26 27 28 3 30 31 32 33 35 36 37 38 39 4 40 42 43 44 45 46 47 48 49 5 50 51 53 54 55 56 57 58 59 6 60 61 62 63 64 65 66 67 68 69 7 70 71 73 74 75 76 77 79 8 80 81 82 83 85 86 87 88 9 91 95 96 97 98 99
20 1 10 101 103 11 12 13 14 15 16 17 19 2 21 22 23 24 26 27 28 3 31 32 33 34 35 36 37 38 39 4 40 41 42 43 44 45 46 47 48 49 50 51 52 53 54 55 56 57 58 59 6 60 61 62 63 64 65 66 67 68 69 7 70 71 72 73 74 75 76 77 78 79 8 80 81 82 83 85 86 87 88 9 90 91 93 94 95 96 97 98 99
21 10 101 103 11 12 13 14 15 16 17 2 20 22 24 26 27 28 3 31 32 33 35 36 37 38 39 4 40 41 42 43 44 45 46 48 49 50 51 53 55 56 58 6 60 61 62 63 64 65 66 67 68 69 7 70 71 73 74 75 76 77 78 79 8 80 81 83 85 86 87 88 9 91 94 96 97 99
22 11 12 17 20 21 23 28 3 32 33 36 51 57 60 66 7 73 82 83 86
23 11 14 17 2 20 22 24 6 65 73 74 75 76 81 83 9 98
24 17 21 28 4 48 6 61 64 73 75 77
25 1 10 101 11 12 15 16 17 19 2 20 21 22 24 26 27 28 3 31 32 34 35 36 37 38 39 4 40 42 43 44 45 46 47 48 49 50 53 54 55 56 57 58 59 6 60 61 62 63 64 65 66 67 68 69 7 70 71 72 73 74 75 76 77 79 8 80 81 83 84 85 86 87 88 9 90 91 92 94 95 96 97 99
26 56 75
27 12 17 21 22 28 46 6 65 66 73
28 1 10 101 103 11 12 13 14 15 16 17 18 19 2 20 21 22 24 25 26 27 29 3 31 32 33 34 35 36 37 38 39 4 40 41 42 43 44 45 46 47 48 49 50 51 53 54 55 56 57 58 59 6 60 61 62 63 64 65 66 67 68 69 7 70 71 72 73 74 75 76 77 78 79 8 80 81 83 84 85 86 87 88 9 90 91 92 94 95 96 97 99
29 
3 10 100 104 11 12 13 14 15 16 17 19 2 20 21 22 23 24 26 27 28 30 31 32 33 35 36 37 38 39 4 40 41 42 43 44 45 46 47 48 49 5 50 51 52 53 54 55 56 57 58 59 6 60 61 62 63 64 65 66 67 68 69 7 70 71 73 74 75 76 77 78 79 8 80 81 82 83 85 86 87 88 89 9 91 93 94 95 96 97 98 99
30 100 12 17 21 28 4 64 73 76 83
31 73
32 10 11 12 13 14 15 16 17 18 19 2 20 21 22 24 26 27 28 3 31 33 35 36 37 38 39 4 40 41 42 43 44 45 46 47 48 49 50 51 53 54 55 56 57 58 59 6 60 61 62 63 64 65 66 67 68 69 7 70 71 72 73 74 75 76 77 78 79 8 80 81 83 85 86 87 88 9 91 94 95 96 97 99
33 10 100 102 104 11 12 13 14 15 16 17 2 20 21 22 23 24 26 27 28 3 30 31 32 35 36 37 38 39 4 40 41 43 44 45 46 47 48 49 5 50 51 52 53 55 56 58 6 60 61 62 63 64 65 66 67 68 69 7 70 71 73 74 75 76 77 78 8 80 81 82 83 85 86 87 88 89 9 91 93 94 96 97 98 99
34 
35 
36 11 12 15 17 2 21 22 24 28 32 4 46 48 52 53 55 56 58 62 64 66 67 68 73 75 76 77 80 81 83 86 89 9 93 94
37 17 21 41 58 64 73
38 10 11 12 15 16 17 2 20 21 22 24 26 27 28 3 30 31 32 33 35 36 37 39 4 40 42 43 44 45 46 49 50 51 55 56 6 60 61 62 63 64 65 66 67 68 7 70 71 73 74 75 76 77 80 81 83 85 86 88 9 94 96
39 2 32 55 6 62 66 73 75 76
4 101 11 12 13 14 15 16 17 21 24 26 27 28 31 32 35 36 40 43 44 45 46 47 48 50 53 55 56 58 6 60 61 63 64 66 67 69 70 71 73 75 76 77 78 80 83 85 87 88 9 91 97 99
40 73
41 
42 10 15 17 2 20 21 28 3 32 38 45 49 53 54 55 57 59 6 61 66 7 75 77 79 81 83
43 73 75
44 
45 11 22 3 42 46 7 75 76 81
46 10 100 12 13 15 17 2 20 21 24 28 30 32 33 36 39 4 43 44 5 53 55 58 62 64 66 68 7 70 73 74 75 76 77 81 82 83 89 9 93 94 98
47 
48 10 11 12 13 14 15 16 17 2 20 21 22 24 26 27 28 3 31 32 33 35 36 37 39 4 40 43 44 45 46 47 5 50 51 52 55 56 58 6 61 64 65 66 67 68 69 71 73 74 75 76 77 78 80 81 83 85 88 91 94 96 99
49 10 101 103 11 12 15 16 17 19 2 20 21 22 24 26 27 28 3 31 32 33 35 36 37 38 39 4 40 41 42 43 44 45 46 47 48 50 51 53 54 55 56 57 58 59 6 60 61 62 63 64 65 66 67 68 69 7 70 71 73 74 75 76 77 79 8 80 81 83 85 86 87 88 9 91 94 95 96 97 99
5 10 100 11 12 13 15 17 2 20 21 23 24 26 28 30 32 33 35 36 38 39 4 43 44 45 46 48 51 52 53 55 56 58 62 64 66 67 68 7 70 71 73 74 75 76 77 80 81 82 83 86 89 9 93 94 96 98
50 
51 11 17 20 21 22 46 5 6 60 62 75 81 94
52 10 100 104 12 13 15 2 21 23 28 33 41 43 44 46 48 5 53 55 58 60 62 64 66 68 71 73 74 76 81 82 83 89 9 93 98
53 11 12 15 17 2 21 24 27 28 32 4 40 42 43 46 51 6 62 63 66 7 73 74 75 76 77 83 88 91 97
54 10 17 19 2 22 27 28 32 38 42 43 46 55 57 59 6 60 62 65 66 68 71 73 74 75 76 79 83 85 9 95
55 10 101 103 11 12 15 16 17 19 2 20 21 22 24 26 27 28 3 31 32 35 36 37 38 39 4 40 42 43 44 45 46 47 48 49 50 51 53 54 56 57 58 59 6 60 61 62 63 64 65 66 67 68 69 7 70 71 73 74 75 76 77 79 8 80 81 83 85 86 87 88 9 91 94 95 96 97 99
56 17 21 24 28 32 58 66 67 75 83 88 96
57 10 11 12 15 16 17 19 2 20 21 22 24 26 27 28 3 31 32 36 37 38 39 4 40 42 43 44 45 46 47 48 49 50 51 53 54 55 56 58 59 6 60 61 62 63 64 65 66 67 68 69 7 70 71 73 74 75 76 77 79 8 80 81 83 85 86 87 88 9 91 94 95 96 97 99
58 11 12 16 17 21 24 28 32 37 4 53 6 62 64 73 75 76 83 9 96
59 1 10 101 103 11 12 15 16 17 19 2 20 21 22 24 26 27 28 3 31 32 34 35 36 37 38 39 4 40 42 43 44 45 46 47 48 49 50 51 53 54 55 56 57 58 6 60 61 62 63 64 65 66 67 68 69 7 70 71 72 73 74 75 76 77 79 8 80 81 83 85 86 87 88 9 90 91 94 95 96 97 99
6 10 11 12 13 14 15 16 17 18 19 2 20 21 22 24 26 27 28 3 31 32 33 35 36 37 38 39 4 40 42 43 44 45 46 47 48 49 50 51 53 55 56 58 59 60 61 62 63 64 65 66 67 68 69 7 70 71 73 74 75 76 77 78 8 80 81 83 85 86 87 88 9 91 94 96 97 99
60 73
61 10 11 12 15 16 17 19 2 20 22 24 26 27 3 31 32 36 38 39 4 40 42 43 44 45 46 47 49 50 51 53 54 55 56 57 58 59 6 60 62 63 64 65 66 67 68 69 7 70 71 73 74 75 76 77 79 8 80 81 83 85 86 87 88 9 91 94 96 97 99
62 10 11 12 15 17 18 2 20 21 22 24 26 27 28 3 31 32 33 35 36 37 38 39 4 40 43 44 46 49 5 50 51 52 55 56 57 58 59 6 60 61 63 65 66 67 69 70 73 74 75 77 80 82 83 85 86 91 96
63 73
64 11 12 15 16 17 21 22 24 27 28 32 36 37 4 43 46 48 53 58 6 65 66 67 70 73 75 77 83 94 96
65 28 3 66 73 76
66 10 11 12 13 15 16 17 19 2 20 21 22 24 26 27 28 3 31 32 33 35 36 37 38 39 4 40 42 43 44 45 46 47 48 49 50 53 55 56 57 58 6 60 61 62 63 64 65 67 68 69 7 70 71 73 75 76 77 79 8 80 81 83 85 87 88 89 9 91 94 95 96 97 98 99
67 
68 10 12 15 16 17 2 20 21 24 25 26 27 28 3 32 36 37 38 39 43 45 46 47 48 49 51 54 55 56 57 59 6 61 62 66 69 7 70 73 75 76 77 79 8 81 83 86 88 94 96 97
69 
7 10 11 12 15 16 17 19 2 20 21 22 24 26 27 28 3 31 32 35 36 37 38 39 4 40 42 43 44 45 46 47 48 49 50 51 53 54 55 56 57 58 59 6 60 61 62 63 64 65 66 67 68 69 70 71 73 74 75 76 77 79 8 80 81 83 85 86 87 88 9 91 94 95 96 97 99
70 10 100 11 12 15 16 17 2 20 21 22 24 26 27 28 3 31 32 33 35 36 38 39 4 43 45 46 49 51 53 55 56 6 60 61 62 65 66 68 71 73 74 75 76 77 79 80 81 83 85 9 93 96
71 73
72 17 3 34 46 59 83
73 1 12 17 21 24 27 28 4 6 62 64 75 76 83 9
74 17 21 22 24 27 28 32 6 62 65 66 73 75 83
75 12 17 21 24 28 32 4 62 64 73 76 83 9
76 17 21 28 73 83
77 10 101 11 12 13 14 15 16 17 2 20 21 22 24 26 27 28 3 31 32 33 35 36 37 38 39 4 40 41 42 43 44 45 46 47 48 49 50 51 53 55 56 58 6 60 61 62 63 64 65 66 67 68 69 7 70 71 73 74 75 76 78 8 80 81 83 85 86 87 88 9 91 94 96 97 99
78 
79 10 103 11 12 15 16 17 19 2 20 21 22 24 26 27 28 3 31 32 34 35 36 37 38 39 4 40 42 43 44 45 46 47 48 49 50 51 53 54 55 56 57 58 59 6 60 61 62 63 64 65 66 67 68 69 7 70 71 73 74 75 76 77 8 80 81 83 85 86 87 88 9 91 94 95 96 97 99
8 
80 12 21 26 31 35 36 4 40 43 44 47 48 50 56 6 61 67 71 73 76 77 85 91 99
81 10 101 103 11 12 15 16 17 19 2 20 21 22 24 26 27 28 3 31 32 33 34 35 36 37 38 39 4 40 42 43 44 45 46 47 48 49 50 51 53 54 55 56 57 58 59 6 60 61 62 63 64 65 66 67 68 69 7 70 71 73 74 75 76 77 79 8 80 83 85 86 87 88 89 9 90 91 94 95 96 97 99
82 10 100 11 13 14 15 17 2 20 21 22 23 24 26 28 30 32 33 35 36 38 39 4 43 45 46 51 55 56 60 62 66 67 68 7 70 71 73 74 75 76 77 80 81 86 88 89 9 93 94 96 98
83 1 10 100 101 11 12 13 14 15 16 17 18 19 2 20 21 22 23 24 25 26 27 28 29 3 30 31 32 33 34 35 36 37 38 39 4 40 41 42 43 44 45 46 47 48 49 5 50 51 52 53 54 55 56 57 58 59 6 60 61 62 63 64 65 66 67 68 69 7 70 71 72 73 74 75 76 77 78 79 8 80 81 82 84 85 86 87 88 89 9 90 91 92 93 94 95 96 97 98 99
84 
85 
86 
87 73
88 12 17 2 20 21 28 3 32 33 38 4 48 49 53 55 57 59 6 61 66 75 76 77 83 9
89 
9 
90 19 21 22 27 28 32 54 57 62 65 71 75
91 21 31 40 43 73 77 99
92 1 10 101 11 12 15 16 17 19 2 20 21 22 24 25 26 27 28 29 3 31 32 34 35 36 37 38 39 4 40 42 43 44 45 46 47 48 49 50 53 54 55 56 57 58 59 6 60 61 62 63 64 65 66 67 68 69 7 70 71 72 73 74 75 76 77 79 8 80 81 83 84 85 86 87 88 9 90 91 94 95 96 97 99
93 21 33 5 70 82
94 73
95 65
96 2 21 6 75 76 89 9
97 73
98 15 33 45 73
99 73
