13357
3480
13356
6972
11542
11543
11540
11541
11546
11547
11544
11545
8090
11548
11549
643
5857
5988
5989
3483
5982
5983
5980
5981
5986
5987
5984
5985
1801
10613
4643
3002
13548
6342
6796
6797
6794
6795
6792
6793
6790
6791
16642
6798
6799
8804
2147
16253
271
272
273
16257
275
276
16254
278
279
16707
16258
16701
16700
16703
16702
12019
12018
2146
12015
12014
12017
12016
12011
12010
12013
12012
17258
17259
15482
17250
17251
17252
17253
17254
17255
17256
17257
10709
10708
9528
9529
9258
9259
9524
10702
9526
10700
10707
10706
10705
9523
15957
15956
476
1212
10619
4645
13363
7622
14729
2142
13382
3519
3518
4529
3513
3512
3511
3510
3517
3516
3515
3514
2688
2689
2684
2685
2686
2687
2680
2681
2682
2683
14624
14625
14626
14627
14620
14621
14622
14623
4430
11179
14628
14629
99
98
6979
91
90
93
92
95
94
97
96
15363
1377
7900
13058
13059
13052
13053
13050
13051
13056
13057
13054
13055
15249
17829
17828
17827
17826
17825
17824
17823
17822
17821
17820
518
6414
16237
1935
10693
1177
1176
1175
1174
1173
1172
1171
1170
1179
1178
1007
4523
15367
2025
512
17595
879
6832
6987
6260
7188
7189
3431
7180
7181
7182
7183
7184
7185
7186
7187
623
3433
5467
1226
16881
872
14479
1225
3435
12833
12832
12831
12830
12837
8548
12835
12834
15285
8016
8015
15286
15281
8540
8011
15282
7456
7457
7454
7455
7452
7453
7450
7451
624
2743
7458
7459
2034
2033
17549
2744
4732
628
2747
4733
2030
4730
8467
10884
10885
10886
10887
10880
10881
10882
10883
13607
5524
10888
4846
12877
4737
15007
4599
4734
6537
12593
13604
6534
13442
8292
647
2039
6532
4843
12876
2314
15550
13608
15553
6531
393
392
391
390
397
396
395
394
399
398
3881
2334
2309
2308
4729
13619
2301
4724
2303
4726
2305
2304
2307
4722
16064
11288
5845
5844
16060
5842
5841
5840
11281
11280
11283
11282
16068
11284
5849
5848
17621
17620
17623
17622
17625
17624
17627
3749
3746
3747
3744
3745
3742
3743
3740
3741
4620
4621
13533
13532
13535
13534
4626
4627
4628
4629
16888
6268
11757
11756
11755
11754
11753
11752
11751
5200
14409
14169
11759
11758
16392
16393
16390
16391
16396
16397
16394
16395
16398
16399
6269
3773
14537
5110
3772
11010
3771
14531
11991
3770
11012
179
178
177
176
175
174
173
172
171
170
203
8615
14160
3775
17888
11995
17653
6700
11994
14165
6542
11996
6936
10390
10391
10392
10393
10394
10395
10396
10397
10398
10399
2656
16936
270
16934
16935
16932
16933
16930
16252
7210
7211
7212
7213
7214
16251
7216
16939
6217
6216
12224
6214
6213
6212
6211
6210
274
204
5496
6219
6218
15708
6818
16255
15878
15879
15700
15701
6813
6812
15704
6814
15870
15707
9757
9756
9755
9754
9753
9752
9751
16704
10574
10575
10576
10577
10570
10571
10572
10573
17545
16706
6006
17386
6837
17387
8848
8849
8840
8841
8842
8843
8844
8845
8846
8847
8914
16438
11848
7669
7668
11509
3579
12667
7661
7660
7663
7662
7665
7664
7667
7666
9323
8919
12523
11333
13308
1768
1769
12664
1762
1763
1760
1761
1766
1767
1764
1765
14347
11190
11193
11192
3753
14343
9269
6045
11194
692
693
690
691
1542
697
1540
695
14471
14470
14473
14472
11115
14474
1548
14476
8710
8711
8712
8713
8714
8715
8716
8717
8718
8719
12505
16384
13841
13840
13843
13842
13845
13844
13847
13846
13849
13848
14600
7881
13555
11763
15167
7883
3882
3010
17922
5618
5619
5719
17923
5612
5613
5610
5611
5616
5617
5614
5615
11764
12749
7886
4668
11568
11569
12748
11560
11561
11562
11563
11564
11565
11566
11567
8803
17929
3752
10696
9256
1255
9257
14529
9254
9527
9520
9521
9250
367
10704
13720
6778
6779
14601
6774
6775
6776
6777
6770
6771
6772
6773
9964
9965
9966
9967
9960
9961
9962
9963
9968
9969
4664
12744
16239
16238
258
16728
2793
16231
16230
16233
251
16235
16234
254
16236
12039
12038
12033
12032
12031
12030
12037
12036
12035
12034
4661
2790
1678
4666
9508
9509
16250
9502
9503
9500
9501
9506
9507
9504
9505
2432
363
16192
1676
3689
3688
3683
3682
3681
3680
3687
3686
3685
3684
2518
2519
2514
2515
2516
2517
2510
2511
2512
2513
16256
361
3531
3530
3533
3532
5058
5059
3537
3536
3539
5055
5056
5057
5050
5051
5052
5053
3585
10761
10760
10763
10762
10765
10764
10767
10766
10769
10768
11480
15026
14866
14867
14640
14641
14862
14647
14860
14645
15309
14648
14649
4165
14868
14869
4164
4163
3587
13893
13070
13071
13072
13073
13074
13075
13076
13077
13078
13079
10589
13891
2157
4346
18099
18098
18093
18092
18091
18090
18097
18096
18095
18094
4169
16259
4168
10185
10184
10187
10186
10181
10180
10183
10182
17094
10189
10188
13595
1159
1158
1155
1154
1157
1156
1151
1150
1153
1152
6958
15119
15118
15115
15114
15117
15116
15111
15110
15113
15112
10044
14744
6959
12107
8035
8034
8037
8036
8031
8030
8033
8032
2771
4885
8039
8038
14746
12859
12858
12589
8528
12583
12582
12853
12580
12587
12854
12585
12584
16942
5027
16353
1848
14758
7997
14011
6938
7269
7268
8113
13988
4298
11768
4295
4294
4297
13987
4291
13981
4293
4292
1416
10433
8210
16929
16928
10432
2036
6368
12235
13678
13679
6205
13672
4742
4741
4740
13676
4746
4745
4744
16002
16003
16000
16001
5869
5868
16004
16005
5865
5864
5867
5866
5861
5860
5863
5862
6950
12680
17359
17358
17609
17608
17355
17606
17605
17356
17603
17602
17353
17352
2183
2182
2181
2180
2187
2186
4608
4609
4606
13516
2189
2188
4602
13512
4600
13510
8682
14010
12421
6208
6453
6209
12423
13448
12424
6952
7999
6902
151
150
153
152
155
154
157
156
159
158
3845
6900
15348
16417
8135
6953
7998
8688
5937
8689
6808
5936
13917
15718
5935
13916
6187
6186
6185
6184
6183
8132
6181
15864
6954
5933
8133
15715
6189
6188
2727
2726
2725
15714
2723
16112
2721
2720
17153
15861
16113
6362
2729
6803
7236
7945
7234
7235
7232
7941
7230
10379
10376
9198
10374
10375
10372
7949
7238
7239
7930
9744
16918
16919
9745
16914
16915
16916
16917
16910
10561
16912
16913
10560
12208
6238
6235
6234
6237
12207
6231
12201
12202
12203
10565
9743
8111
10518
10519
9779
9778
17291
9775
10513
10510
9776
10516
9770
10514
9772
8866
8867
8864
14982
14985
8863
8860
8861
14989
14988
3499
8868
8869
818
819
4541
3497
810
811
812
813
814
815
816
817
6366
9295
6836
18025
16524
10232
5267
14188
1702
1703
5263
5262
5261
1707
1708
1709
14183
14182
14185
2097
5269
5268
15854
15855
15856
15857
15850
15851
15852
15853
2091
15858
15859
4575
4576
17442
4577
14457
14456
14327
14326
11133
11132
11131
11130
14329
14328
11139
11138
17980
17981
17982
17983
17984
17985
3029
3028
17988
3026
3025
3024
3023
3022
3021
3020
15582
15583
15580
15581
15586
15587
15584
8739
8736
8737
8734
8735
8732
8733
8730
8731
345
4198
4199
13867
4197
4194
13864
4192
4193
4190
4191
5670
5671
5672
5673
5674
5675
5676
5677
5678
5679
307
6240
10235
4686
17159
347
6241
11215
10234
6540
11668
1518
8192
15327
8190
8191
8196
8197
15320
6430
8198
8199
11642
15328
6438
699
17448
9392
6758
6759
6752
6753
6750
6751
6756
6757
6754
6755
9942
9943
9940
9941
9946
9947
9944
9945
343
9948
9949
6245
16217
16216
16743
16742
16745
16744
16747
16746
16749
16748
7679
16219
16218
12051
12050
12053
12052
12055
12054
12057
12056
234
235
236
237
230
231
232
233
15031
4680
5543
9373
4681
14509
10062
6116
12269
8213
8218
2538
2539
10063
2532
2533
2530
2531
2536
2537
2534
2535
3360
17166
17167
5078
5079
17162
17163
17160
17161
5072
5073
5070
5071
5076
5077
5074
5075
10302
6543
9560
9561
939
938
9564
9565
9566
9567
10747
932
10745
10744
937
936
10741
934
5380
14669
5382
5383
5384
5385
5386
11839
14844
5389
14846
14847
14840
14841
14666
11831
24
12852
12439
13098
13099
13096
13097
13094
13095
13092
13093
13090
13091
7066
1536
15322
3227
26
4688
9862
6850
797
796
795
9387
9380
792
9382
790
9388
9389
799
798
2144
14832
6580
2415
2414
4062
1139
1138
2141
13772
1133
1132
1131
1130
1137
1136
1135
1134
4974
15139
13770
9864
2418
15133
15132
15131
15130
15137
15136
15135
15134
7148
7149
7144
7145
7146
4065
7140
7141
7142
7143
4972
2148
4068
8501
8500
8503
12874
12873
8504
12871
12870
8509
8508
8059
8058
12879
12878
11999
10457
2882
2883
2880
2881
2886
2887
2884
2885
7492
7493
2888
2889
7496
7497
7494
7495
2
13586
14979
17490
10456
12700
221
16278
2760
13587
11168
11169
3276
220
1921
3274
477
14404
14058
14405
10454
3272
14411
14406
1925
14207
11167
1926
1289
3271
14401
4761
4760
4763
4762
4765
13655
4767
4766
13658
13659
14403
11249
11248
11245
11244
11247
11246
11241
11240
11243
11242
16028
16029
5809
5808
3278
16020
16021
5801
5800
5807
5806
5805
16027
7815
17379
17378
17373
17372
17371
17370
17377
17376
679
17374
685
684
4320
687
10346
11799
1570
14885
11793
681
11791
11790
11797
11796
11795
8768
1909
683
16187
682
10557
16186
3313
1633
16189
16188
16688
16689
13228
16684
16685
16686
16687
16680
16681
16682
16683
17403
7811
3486
4888
4889
10356
10357
2709
2708
10352
10353
2705
2704
4882
4883
4884
2700
4886
2702
7962
7963
10688
7961
7966
7967
9179
7965
9177
9176
7968
7969
10686
9172
9171
10685
16978
16979
16972
16973
16970
16971
16976
16977
16974
16975
17081
17080
12268
6258
17085
12318
6939
17086
6253
12263
6251
12261
12266
12267
6255
12265
10530
10531
10532
10533
10534
10535
10536
10537
10538
10539
8018
4326
14235
6111
8017
9719
9718
6112
8544
9713
9712
9711
9710
9717
15287
9715
9714
3474
833
830
831
836
837
834
3473
8884
8013
838
839
3478
8881
8882
8883
15630
10920
15283
4248
12911
4707
8542
6804
15632
15633
2413
6307
12914
12915
4249
15636
15637
10929
9007
11431
5249
5248
1728
1729
1726
5244
1724
5246
1722
5240
1720
1721
13135
15833
13137
7020
15836
13130
13133
13132
9003
15838
15839
13139
13138
16723
9002
17100
6301
9001
468
17101
7024
7933
17117
14303
14302
14301
3006
3001
14306
3003
14304
9458
14309
14308
3009
3008
9459
11239
6300
1588
1589
7937
17968
17969
1582
17967
1580
1581
1586
1587
1584
1585
9106
6800
10222
9107
10223
9104
9105
12483
9450
9103
6801
9452
5658
5659
5656
5657
5654
5655
5652
5653
5650
5651
13342
4750
13343
13340
13341
1531
13346
4456
13344
6224
4243
13345
3808
11624
16726
16450
11050
4459
12486
4458
6419
6418
6415
15305
12466
15307
15300
6410
15302
15303
7777
7776
7775
7774
7773
7772
7771
7770
466
16456
7779
7778
3917
3916
3915
3914
3913
3912
3911
3910
3919
3918
8314
6731
8316
8317
6734
8311
8312
8313
6738
6739
8779
8318
8319
9928
9929
4834
9920
9921
9922
9923
9924
9925
9926
9927
216
217
214
215
212
11579
210
16768
16767
16766
16765
16764
16763
16762
218
219
5569
4837
6088
6089
6086
6087
12075
6085
6082
12072
6080
12070
11573
3285
5998
11051
4836
15995
15060
3649
3648
3647
3646
3645
3644
3643
3642
3641
3640
2550
2551
2552
2553
2554
2555
2556
2557
2558
2559
1637
11476
11477
11474
11475
11472
11473
11470
11471
11478
11479
5010
5011
5012
5013
5014
5015
5016
5017
5018
5019
12836
68
17148
17149
17418
17419
17416
17145
17414
17147
17140
17141
17142
17143
13941
3281
4419
13309
4417
4416
13304
13305
4413
4412
4411
4410
919
918
9548
9549
915
914
917
9545
911
9543
913
912
14828
14829
14822
14823
14820
14821
14826
14827
14824
14825
7918
10904
14937
2322
15993
14855
12340
8024
11736
6963
3151
12839
12908
11814
11815
11816
11817
11810
11811
11812
11813
11818
11819
12838
15150
15153
15152
15155
15154
15157
15156
15159
15158
509
6043
3700
7168
7169
7162
7163
7160
7161
7166
7167
7164
7165
3423
3422
17586
3701
2321
8079
8078
17587
12899
12898
631
8071
17580
12897
8072
12891
8074
8077
12892
793
3425
1605
1216
17583
1217
12165
1214
16541
6335
10651
1215
12167
1447
1446
1113
1444
1443
1114
1441
1116
1119
1118
7208
1218
1449
12160
1219
6332
6780
2731
12162
4585
4584
13618
2008
4728
15010
2009
15011
14218
12169
15544
15710
6339
4725
2972
15013
4583
3705
2300
6525
4582
4727
6524
248
2302
15016
14175
6914
4721
15017
4720
8264
4913
13612
4789
4788
4787
4786
4785
4784
4783
4782
4781
4780
5821
11289
11269
5822
5825
5824
5827
16065
5829
5828
11261
11260
11267
16066
11265
11264
16067
8262
5843
15549
8632
16061
7914
11069
16062
11068
16063
17427
1800
10453
6917
10452
633
11285
9676
619
16069
14541
9677
11287
11060
4304
10109
8630
11286
11063
10108
14596
11062
199
198
195
194
197
196
191
190
193
192
6431
11067
11066
10459
2140
15494
10458
3748
8661
10101
17626
8662
10100
17311
17629
12798
12799
17315
17314
17317
17316
12792
15490
12790
12791
12796
12797
12794
12795
10332
9154
9157
2768
9151
9150
9153
9152
2763
2762
10338
10339
2767
9158
2765
2764
7908
16951
9489
16405
16954
16955
16400
16401
9483
7901
9481
9480
9487
7905
7906
16409
6271
6270
12242
6272
12244
6274
6277
6276
12248
6278
4622
17897
4308
4623
4624
1183
4261
240
9731
9730
9733
9732
9735
9734
9737
9736
9739
9738
13536
4082
13539
4083
13538
13795
12702
16246
13794
3452
855
856
3451
850
3457
3454
853
249
3458
3459
858
859
16241
13788
4088
13169
16710
6
16623
16243
6827
425
10586
8905
14149
14148
10588
14145
14144
14147
14146
14141
8907
14143
14142
8408
5229
5228
8409
5223
11854
5221
5220
5227
5226
5225
5224
13113
15819
13111
13110
13117
11856
13115
13114
15810
15811
13119
13118
15814
15815
15816
15817
16708
11182
11183
11180
3063
14368
3061
17947
17940
17941
3065
17943
14361
14492
3069
14362
14365
14364
14367
14494
11184
14357
14697
4267
4910
13226
14816
11607
9818
16705
7574
7576
9814
13639
9815
3260
1304
1305
1306
1307
1300
1301
1302
1303
9810
1308
1309
9811
498
499
494
495
496
497
490
491
492
493
12408
15369
6200
6473
6472
15360
12401
15366
12407
12404
12405
9537
7759
7758
9240
7755
7754
7757
7756
7751
7750
7753
7752
16821
9534
3939
3938
13551
3935
3934
3937
3936
3931
3930
3933
3932
8332
8333
8330
8331
8336
9531
8334
8335
6716
6717
8338
8339
6712
6713
6710
6711
9906
9907
9904
9905
9902
9903
9900
9901
4580
11602
9908
9909
11089
8670
6203
14810
13289
1604
13288
6488
13287
11088
13286
8677
13285
13755
4045
4046
4047
4040
13750
13753
4043
13283
6489
13759
13758
13282
5585
13281
15972
10123
13280
3665
3664
3667
3666
3661
3660
3663
3662
3669
3668
7032
1434
17646
12508
2578
2579
2576
2577
2574
2575
2572
2573
2570
2571
11458
11459
11454
11455
11456
11457
11450
11451
11452
11453
3593
17435
3591
17437
17430
3596
5038
3594
5036
5037
5034
3598
5032
5033
5030
5031
4435
4434
4437
17129
13320
13321
4433
4432
17122
17123
17120
17121
4439
4438
17124
17125
977
976
975
974
973
972
971
970
12816
979
978
4152
1297
4150
11863
14877
15953
12986
16946
6480
4159
8756
10475
10474
10477
10476
10471
10470
10473
10472
10479
10478
318
11581
11087
8757
12925
11872
8926
11870
11871
11876
11877
8921
11875
14808
14809
11878
11879
8929
8928
5414
11719
15179
5415
15177
15176
15175
15174
15173
3384
15171
15170
7100
7101
7102
3385
7104
7105
7106
7107
7108
7109
13632
3383
7837
5412
5413
15916
1681
1680
1683
1682
1685
1684
1687
1686
1689
1688
7281
3523
14750
1295
16941
14751
3388
4917
14753
7280
3725
14776
14777
14774
14775
14772
14773
14770
14771
15910
717
14778
14779
650
1469
1468
1465
1464
1467
1466
1461
1460
1463
1462
7218
16937
15913
7975
651
17521
17110
4239
4238
4237
4236
4235
13925
13922
4232
4231
4230
5591
5590
5593
5592
5595
5594
5597
5596
5599
5598
16931
8143
3035
13694
13695
319
13697
13690
13691
13692
13693
313
312
311
310
317
316
315
7215
11201
11200
11203
13907
11205
11204
11207
11206
11209
11208
7217
4210
8138
12226
4213
12227
4212
6215
1335
12448
12225
10786
442
12222
441
4367
12223
7971
1336
10712
13908
12221
13909
3723
1333
3102
6648
1332
3404
6649
15403
15402
10718
8517
6930
10719
12675
18106
12228
12674
8699
12229
12677
7973
8698
14651
2299
6647
8129
14650
2293
2292
2291
2290
2297
2296
2295
2294
5697
8127
17406
14876
6642
8126
11864
14655
6643
7972
8125
14654
5902
6912
8124
14873
10343
5903
8691
14872
10120
5900
3507
8122
10916
10917
10914
10915
10912
10913
10910
17338
17337
5906
17335
8120
17333
15702
10918
10919
9133
10319
7924
7925
7922
7295
9135
7297
10310
10311
10644
10313
10314
10315
7928
7929
38
16428
16429
16424
16425
16426
6816
16420
16421
16422
16423
5909
6299
6298
6297
6296
6295
6294
6293
6292
6291
6290
16943
10578
10579
8510
3489
3488
37
9750
6610
35
7709
8511
17593
3439
17591
17590
17597
17596
878
17594
876
877
874
875
3434
873
870
871
2741
2740
4590
4591
4596
2032
4594
4595
4844
4845
4598
4847
4840
4841
4842
2038
17569
11334
5201
11998
5203
5202
5205
5204
5207
5206
14163
11990
14161
11992
14167
14166
11997
14164
4563
1004
13413
13410
13179
13178
4560
13171
13170
13173
13172
13175
13174
13177
13176
11191
14346
14345
14344
11195
14342
11197
11196
11199
11198
4564
14349
14348
3049
3048
17920
17921
17926
17927
17924
17925
3041
3040
17928
3042
3045
3044
3047
3046
4568
334
4867
1094
1095
1096
1097
1090
1091
1092
1093
1912
1098
1099
332
15698
15699
15692
15693
15690
15691
15696
15697
15694
15695
5192
11679
1322
1323
1320
1321
1326
1327
1324
1325
1328
1329
12420
6450
12422
6452
6455
8687
8684
6456
12428
12429
8136
8137
8130
8131
6909
6908
11224
7739
7738
7733
7732
7731
7730
7737
7736
7735
7734
3959
3958
3953
3952
3951
3950
3957
3956
3955
3954
8358
8359
10022
8350
8351
8352
8353
8354
8355
8356
8357
5159
3333
17845
8134
10020
12665
13773
4063
4060
4061
4066
4067
4064
13774
13779
4069
5784
5785
5786
5787
5780
5781
5782
5783
5788
5789
12166
3603
3602
3601
3600
3607
3606
3605
3604
4528
3609
3608
17783
15486
13905
11438
11439
4309
11432
11433
11430
4593
11436
11437
11434
11435
17452
17453
17102
17103
17104
17105
17454
17107
17108
17109
17458
17459
4453
4452
4451
4450
4457
13347
4455
4454
13348
13349
959
958
951
950
953
952
955
954
957
956
3376
3203
508
16855
16854
16857
16856
16851
16850
16853
16852
16859
16858
6334
12164
6336
6337
12161
6331
12163
6333
6338
12168
9674
9675
10451
10450
9670
9671
10455
9673
10105
10104
10107
10106
9678
9679
10103
10102
12095
4831
12094
12097
11858
11859
6067
8909
8908
7957
11850
8904
11852
8906
8901
11855
8903
8902
4969
2175
7601
7956
7128
7129
7126
7127
7124
7125
7122
2178
7120
7121
1606
4964
12099
6069
13764
7955
1669
1668
1667
1666
1665
1664
1663
1662
1661
1660
591
590
593
592
595
594
597
596
599
598
13386
13761
2828
2829
2124
2824
2825
2826
2827
2820
2821
2822
2823
3386
3387
5416
5417
3382
5411
3380
3381
14754
14755
14756
14757
5418
5419
14752
3389
1409
1408
1403
5793
1401
1400
1407
1406
1405
1404
13904
4214
13906
4216
13900
13901
13902
1547
3961
4219
1544
712
18105
18104
18107
1545
18101
18100
18103
18102
696
18109
18108
1543
3261
694
5579
5578
5577
5576
5575
5574
5573
5572
5571
5570
17812
11111
3262
5799
11110
5128
5798
698
1936
1493
11112
339
338
335
14475
337
336
331
330
333
11114
5124
11117
11229
11228
11227
11226
11225
11116
11223
11222
11221
11220
1494
13383
1938
4017
12477
16809
1254
4204
5001
3631
4205
13381
10316
5901
1497
640
10369
16194
16198
16199
16628
16629
16626
16195
16624
16197
16622
16196
16620
16621
12323
5006
16625
3487
6109
12759
12756
16190
6105
6104
6103
6102
12750
16191
10938
10939
1499
10934
10935
10936
10937
10930
10931
10932
10933
9119
9118
16996
16997
16990
16991
9449
9448
9111
9446
9113
9444
9443
9442
9117
9116
12284
12285
16448
16449
12280
12281
12282
12283
16442
16443
16440
16441
12288
12289
16444
16445
9530
12328
12758
6108
7223
6107
8029
6106
1865
13235
12754
14220
12755
14221
12752
14222
12753
3416
12824
3414
3415
3412
3413
3410
3411
1931
14224
6100
12826
3418
14953
15295
14950
8534
14227
15293
13489
13488
4868
10667
10660
12822
10662
10663
13481
13480
13483
2016
2011
2010
13487
4865
14101
14100
14103
14102
14105
14104
14107
14106
14109
14108
6327
12948
17715
17714
17717
17716
17711
17710
17713
17712
2129
15934
17719
17718
13157
13156
13155
13154
13153
13152
13151
13150
4893
13159
13158
10592
10593
10590
10591
10596
10597
10594
10595
10659
10598
10599
9037
16994
7018
16995
7019
17908
17909
7017
17900
17901
17902
17903
17904
17905
17906
17907
9039
16992
7012
16993
1934
7013
9447
1592
10257
9110
10256
7938
9445
14284
9112
9115
4522
9114
12990
12991
12992
12993
12994
12995
12996
12997
12998
12999
11121
9440
5304
12286
6520
12287
3334
458
459
4901
4468
1340
1341
1342
453
454
455
456
1347
4466
8118
8119
6929
15419
11123
4467
15414
6924
15416
15417
8116
8117
8114
8115
7711
7710
7713
7712
7715
7714
7717
7716
7719
16446
6444
832
16447
4460
4461
12940
8376
8377
8374
8375
8372
8373
8370
8371
9802
8378
8379
7506
5169
10661
13473
15560
16193
14577
6325
753
12658
9800
6613
7016
4900
4008
4009
6526
4000
13710
4002
13712
4004
4005
4006
4007
3971
3970
3973
3972
3975
3974
3977
3976
3979
3978
3629
3628
9291
13992
3621
3620
3623
3622
3625
3624
3627
3626
11619
13990
14223
4286
4287
11410
11411
11412
11413
11414
11415
11416
11417
11418
11419
13994
15795
4203
4349
6885
16299
16298
16297
16296
16295
16294
16293
16292
16291
16290
17478
17479
8142
13998
6880
17470
17471
17472
17473
17474
17475
17476
17477
4479
13369
9457
2955
4471
4470
4473
4472
13364
4474
4477
13367
9225
6447
2950
15799
6889
2464
2465
2466
2467
2460
2461
2462
2463
2468
2469
11044
1026
1021
9296
9073
1020
16873
16872
16871
16870
16877
16876
16875
3417
16879
16878
12143
6313
6310
6311
6316
6317
12145
12144
6318
12148
6442
4689
4418
1029
3426
5349
9652
10438
9650
10128
9308
9309
9654
9655
9304
10430
9658
9659
10127
10126
10437
10124
4343
16517
8969
8968
8532
8963
8962
8961
8960
8967
8966
8965
8964
4902
8533
5846
3595
1645
1644
1647
1646
1641
1640
1643
1642
8655
1649
1648
9456
15487
579
578
604
573
572
571
570
577
576
575
574
13325
2808
2809
2802
2803
2800
2801
2806
2807
2804
2805
5432
1420
5430
14739
1425
5437
11993
5435
14732
3365
5438
14731
14736
10666
3362
3363
6324
6322
6323
5689
2018
4273
13963
4271
13961
4277
13967
4275
4274
609
4279
4278
608
5555
4862
5557
18120
5551
5550
18125
4863
18129
18128
5559
4860
4861
10668
14341
13484
8589
8588
4864
4751
8581
8580
8583
8582
8585
8584
8587
8586
7764
13662
15575
5129
14340
13665
8278
4755
5883
5882
5881
5880
5887
5886
5885
5884
5889
5888
15579
6554
15064
6556
6557
6550
6551
6552
15062
15069
15068
5871
14354
18069
5876
16014
4227
5874
13485
16016
11078
6321
16019
11079
16018
5878
5879
14430
7927
357
7505
355
7507
9883
352
9881
7503
10448
7508
7509
359
358
16604
16605
16606
16607
16600
16601
16602
16603
3100
9660
16608
16609
14557
6125
6124
6127
6126
12770
12771
12772
6122
4222
14555
6129
6128
8673
10447
7892
15976
10112
8671
8092
4854
12425
10958
10959
10442
10952
10953
10950
10951
10956
10957
10954
10955
16460
16461
16462
16463
16464
15971
16466
4415
16468
16469
15970
4853
12426
10650
16869
4633
3225
4632
13609
482
12427
2192
259
2259
2258
2257
2256
2255
2254
2253
2252
2251
2250
4093
3224
2196
4092
5921
4634
4091
252
4090
16722
4097
2024
16721
13787
2785
2784
2787
4803
4804
2780
4806
4807
4808
16727
4094
2789
2788
257
11605
10603
10600
2078
9461
11600
11603
10605
2073
2072
2071
255
11609
9468
2075
2074
4098
11959
11958
14129
14128
14127
14126
11957
11956
14123
11950
11953
14120
17733
17732
17731
17730
17737
17736
17735
17734
17739
17738
4414
7413
15415
8790
9793
9792
9791
9790
9797
9796
9795
9794
9799
9798
8791
14388
9611
11319
14383
14382
14381
14380
14387
14386
14385
14384
15526
9220
5157
5739
15527
8416
13924
11310
8163
8793
9411
15528
15658
15659
12976
15657
12974
12975
15652
12973
12970
15651
7081
7080
7083
7082
7085
7084
7087
7086
7089
7088
8207
7584
7585
9805
15384
15385
6497
9804
8174
8175
8176
6492
8178
7580
6499
6498
7581
15478
6948
15447
9801
6943
6942
6941
7583
6947
6946
6945
6944
8205
1906
7134
8162
8797
8823
8398
8399
8394
8395
8396
8397
8390
8391
8392
8393
4739
6605
4398
4399
4390
4391
4392
4393
4394
4395
4396
4397
1366
473
1364
471
1362
3192
3191
3190
478
479
3199
3198
14934
8167
4026
4027
4024
4025
13733
4023
4020
4021
166
13739
13738
11380
11381
11382
11383
11384
11385
11386
11387
11388
11389
2058
13295
8506
162
3999
3998
3997
3996
3995
3994
3993
3992
3991
3990
7923
16627
8165
8824
8999
15440
17097
5126
1654
298
299
296
297
294
295
292
293
290
291
15865
587
12514
12548
13721
12346
9517
4029
581
6197
5487
8551
2442
2443
2440
2441
2446
2447
2444
2445
2448
2449
8040
15207
18024
7867
7866
7865
7864
7863
7862
7861
7860
12521
15866
8556
7869
7868
16819
16818
15203
16811
16810
16813
16812
16815
16814
16817
16816
12129
12128
10171
12121
12120
12123
6373
6374
12124
12127
12126
10417
10140
10143
10414
10145
10144
10147
10410
10149
10148
10419
10418
9638
9639
9328
9329
5484
9322
9631
9632
9633
9326
9327
9324
9637
8941
8940
8943
8942
8945
8944
8947
8946
8949
8948
3446
14578
11587
15449
3853
1436
3390
5405
5482
1435
3395
3153
344
3394
3207
3206
1993
1992
5186
3202
1997
3200
1999
1998
5188
5189
3209
3208
5481
3399
14720
3535
3534
2860
2861
2862
2863
559
2865
2866
2867
555
2869
557
556
551
550
553
552
14710
14711
14712
14713
14714
14243
14240
14241
14718
14719
14726
4848
14248
14249
5458
5459
3348
3349
5450
3343
3340
3341
3346
3347
1197
5457
9188
9191
9189
2406
13948
4258
16902
4251
4250
13942
4252
13944
4254
13946
4256
5533
5532
5531
5530
5537
5536
5535
5534
18141
18140
5539
5538
18145
18144
18147
18146
6508
9314
16909
1348
14439
7200
1349
469
4262
13972
7356
13975
4265
6572
6573
6570
15040
6576
6577
15045
6575
6578
15048
6220
7694
7695
7696
7697
7690
7691
7692
451
6226
16571
7698
452
6227
3834
3835
3836
3837
3830
3831
3832
3833
1344
4911
6225
3838
3839
1345
1346
457
6228
6229
6659
6658
7522
7523
7520
7521
7526
7527
7524
7525
371
370
7528
7529
375
374
377
376
16662
14642
16660
16661
16666
16667
16664
14643
12662
16668
16669
14864
6652
12712
6142
6141
6140
6147
6146
6145
12715
14646
6149
6148
6927
14863
10970
10971
10972
10973
10974
10975
10976
10977
10978
15410
14861
6920
6923
5919
6922
5918
6468
16488
16489
16486
16487
16484
16485
16482
16483
16480
16481
6638
5917
2275
9762
2277
2276
2271
2270
2273
9763
2279
2278
11595
11594
11597
11596
11591
11590
11593
11592
11599
11598
3201
9765
17283
17282
17281
17280
17287
17538
17285
17284
17535
17534
17537
17288
17531
9768
17533
17532
2051
2050
2053
10502
2055
4539
2057
4829
2059
13444
4824
4537
13441
13440
13443
4533
11623
7981
11621
11620
11627
11626
11625
9404
10620
7989
11629
11628
10624
10625
10626
10627
11979
17226
11973
11972
11971
11970
11977
11976
11975
11974
17759
17758
17551
17751
17750
17753
17752
17755
17754
17757
17756
13199
13198
2094
13193
13192
13191
13190
13197
13196
13195
13194
14369
16319
12515
8591
6380
13429
4559
4260
13427
4557
13425
7324
7325
7326
7327
10088
7321
7322
7323
10084
10085
10086
10087
10080
10081
10082
10083
8858
4550
4551
12954
15675
12956
12957
12950
15671
12952
12953
15678
12959
8853
6461
802
8922
801
11238
8850
7069
7068
7067
8857
7065
7064
7063
7062
7061
7060
6462
5452
8855
10400
8854
3786
15450
6960
12480
12481
6965
12487
12484
6966
6969
15459
12488
8155
8620
8621
8622
15909
3275
11230
8920
2402
11231
11065
7259
11682
6464
5172
11064
10336
11617
9988
9989
9986
9987
9984
9985
9982
9983
9980
9981
11025
11024
14507
14506
14501
14500
11023
11022
6466
10236
11029
14508
11716
414
415
416
417
1388
1389
412
413
1384
1385
1386
1387
418
419
1382
1383
3011
12890
7222
11368
11369
11366
11367
11364
11365
11362
11363
11360
11361
12409
8806
1775
5460
5275
7224
1777
3789
1776
8807
3847
1771
5271
5463
5272
1772
2194
6003
7033
5278
5279
8801
3464
15881
10402
8802
6688
6689
6680
6681
6682
6683
6684
6685
6686
6687
2428
2429
2400
7228
12402
2420
2421
2422
2423
2424
2425
2426
2427
16837
16344
16347
16346
16833
7848
16831
16830
7845
7844
7847
7846
7841
7840
7843
16838
6356
6357
6354
12104
6352
6353
12101
6351
8704
6358
12108
3461
9616
9617
9614
9343
9612
9345
9610
10168
9348
10166
10165
10164
10163
10162
9618
9619
1550
1844
14888
14889
1816
1817
1810
1811
1812
1813
14880
14881
14882
14883
14884
1819
14886
14887
6074
12082
6072
13719
6071
13718
6070
14080
14081
14082
14083
14084
14085
14086
14087
14088
14089
4950
9630
1609
1608
13839
2166
3229
3228
1979
1978
1601
1976
1975
3226
3221
3220
3223
3222
13276
13277
13274
13275
13272
6079
13270
4001
6078
13713
13278
13279
4003
7343
2848
2849
2846
2847
2844
2845
2842
2843
2840
2841
3320
3321
3322
3323
5472
5473
3326
5471
3328
14265
14266
13716
14260
14261
5478
14263
322
323
320
321
4991
326
327
1551
7594
18163
9892
18161
18160
9893
1553
5519
5518
11109
4038
5511
5510
5513
5512
5515
5514
5517
17992
15501
1557
17912
1556
537
1559
535
534
533
532
531
1558
7342
3036
539
538
14461
10331
10028
11106
5138
15091
14467
10794
11104
10795
11105
10024
15029
15028
10797
8702
15021
15020
6512
15022
6514
15024
6516
10023
8700
10792
15595
7349
15594
3812
3813
3810
3811
3816
3817
3814
3815
3818
3819
8457
8456
8455
8454
8453
8452
8451
8450
8459
8458
5453
13200
7548
7549
7540
7541
7542
7543
7544
7545
7546
7547
16648
16649
16138
16139
16136
16641
16134
16135
16132
16645
16646
16647
6169
12739
4708
6161
12731
6163
6162
12734
6164
6167
12737
13854
10998
10999
10996
10997
10994
10995
10992
10993
10990
10991
12567
9774
15097
8856
6138
9777
6139
6565
9498
9032
2213
2212
2211
2210
2217
2216
2215
2214
6670
2219
2218
8529
12763
12588
12762
5601
9033
12761
12760
6136
13185
9771
6137
14674
12851
17519
17518
6134
12850
17513
17512
17511
6135
17517
12581
17515
17514
4518
13468
14789
13463
12855
4510
13460
4516
13466
13465
12586
9429
9428
12857
11641
11640
11643
12856
11645
11644
11647
9426
5289
5288
17775
17774
17773
17772
17771
17770
5281
5280
5283
5282
5285
5284
17779
5286
6561
15464
11161
7615
6560
2320
11162
5209
9593
9478
7294
10242
15466
9479
10243
632
12454
10240
7302
7303
7300
10241
7306
9288
7304
7305
9285
9021
9287
9286
9281
9280
9283
9282
11911
11910
11913
11912
11915
10244
11917
11916
11919
11918
9022
4507
15612
12933
15610
15611
12936
15617
15614
12935
12938
15619
9477
7045
7044
7047
7046
7041
7040
7043
7042
11949
16478
7049
7048
10208
10209
13368
4478
9491
13669
404
9108
8022
4723
8608
8609
15928
15929
6989
6988
8602
8603
8600
15927
15920
8607
6981
6980
15540
13360
8023
13361
7590
13362
14695
14694
2989
2988
14691
14690
14693
14692
2983
4475
2981
2980
2987
14698
2985
2984
1018
13366
1014
1015
1016
1017
1010
1011
1012
1013
9494
6650
4358
4359
4354
4355
4356
4357
4350
4351
4352
4353
14523
14522
14521
11000
11007
14526
14525
14524
5942
11009
11008
8026
438
439
436
437
434
435
432
433
430
431
12550
8027
11344
11345
11346
11347
11340
11341
11342
11343
17485
11348
11349
5708
5709
5704
5705
5706
5707
5700
5701
5702
5703
3315
14197
2248
1437
8220
6424
6425
8025
675
6426
5170
3314
15336
4299
2246
13989
6891
6422
9100
15781
6423
6893
2241
13984
6892
13985
6895
13986
15785
4296
9101
6897
15339
6896
12458
16587
16586
16585
16584
16583
16582
16581
15789
13663
13983
6252
16589
16588
12697
12696
12695
12694
12693
12692
12691
12690
12468
716
12699
12698
10835
10834
10837
10836
10831
10830
10833
10832
10839
10838
14016
5357
5356
14297
5355
16363
16362
7829
1053
16367
16366
16365
16364
7823
1054
7821
7820
7827
7826
7825
7824
1056
3400
8900
5350
17188
17189
3575
929
17180
17181
17182
17183
17184
17185
17186
17187
9368
9369
9366
9367
9364
9365
9362
9363
9360
9361
8985
8984
8987
8986
8981
8980
8983
8982
8989
8988
1832
1833
1830
1831
1836
1837
1834
1835
3795
3794
1838
3796
3791
3790
3793
3792
4981
2407
2156
2405
2150
2151
4987
2401
4989
4988
2158
2159
2408
2409
7822
15436
1955
1954
1957
1956
1951
1950
1953
1952
14066
14067
14064
14065
14062
14063
14060
14061
3249
3248
4873
3243
3242
3241
3240
3247
3246
3245
3244
12450
13258
13259
13254
13255
13256
13257
13250
13251
13252
13253
4311
15569
1483
1482
1481
1480
5498
1486
1485
3309
14202
5495
14200
14201
5490
5491
5492
14205
6312
12142
13498
612
12140
613
12147
610
12146
611
6314
1274
6315
13482
4749
1275
2792
4748
614
13493
1277
12149
1439
11047
6319
8242
9346
14566
13496
14565
2797
519
4743
14564
13494
13673
511
510
513
13495
515
514
517
18023
1227
622
621
620
627
1222
1221
1220
4747
629
11040
14110
1229
1228
8291
8290
8293
6535
15003
15002
8297
15000
8299
8298
13675
15559
15566
6538
15008
8240
15567
8794
4506
15561
15562
16006
18029
14118
16007
3878
3879
15730
1561
3870
3871
3872
3873
3874
3875
3876
3877
8479
8478
8475
8474
8477
8476
8471
8470
8473
8472
7566
7567
7564
7565
7562
7563
7560
7561
3159
10129
7568
7569
9651
9656
8247
9657
3780
4795
15400
10431
15319
10122
8244
10121
6544
4167
13897
13894
13895
13892
4162
4161
4160
10435
13898
13899
17607
10125
15563
17354
10436
17357
4934
13140
15406
17604
8648
17351
8649
17350
15968
17601
15969
17600
2239
2238
998
2231
2230
2233
2232
2235
2234
2237
2236
16114
16115
16116
5934
16110
5932
5931
5930
4731
16118
16119
8128
5938
17571
17570
17573
17572
17575
17574
3498
17576
3496
17578
3494
3495
3492
3493
3490
3491
2095
13400
13403
4573
4574
2090
2093
2092
13409
4579
2099
2098
11667
11666
11665
11664
11663
11662
11661
11660
16226
11669
12029
13511
9014
4601
17799
17798
17795
17794
17797
17796
17791
17790
17793
17792
11030
15409
11308
5741
15408
15717
12157
12556
4700
11300
11301
15716
7368
7369
16261
4955
9759
7360
7361
7362
7363
7364
7365
7366
7367
12316
12317
3
12315
12312
12313
12310
11938
11937
11936
11935
11934
11933
11932
11931
12319
15638
15639
11026
9758
3332
12910
15631
12912
12913
15634
15635
12916
12917
7023
9006
9005
9004
7027
7026
7025
9000
10224
10225
7029
10227
10220
10221
9009
9008
11021
9098
4282
10153
9832
6090
7596
15713
4463
8009
7595
11020
15948
15949
15735
15942
15943
15940
15941
15946
15947
15944
15945
7799
7798
6421
9834
15712
7791
7790
7793
7792
7795
7794
7797
7796
3337
13486
1655
1038
1039
15711
15433
1032
1033
1030
1031
1036
1037
1034
1035
15616
8094
4378
4379
4372
4373
4370
4371
3335
4377
4374
4375
14549
14548
2664
11061
14540
14543
14542
14545
14544
14547
14546
8660
15495
15496
17899
8664
8665
15492
15493
17892
8669
17890
17891
15498
15499
17894
17895
4080
4081
13793
13792
4084
4085
4086
4087
13799
4089
11322
11323
11320
11321
11326
11327
11324
11325
11328
11329
4978
5728
5729
9231
5722
5723
5720
5721
5726
5727
5724
5725
10692
17811
410
11498
11499
16655
10046
11490
11491
11492
11493
11494
11495
11496
11497
8084
8085
8086
8087
8080
8081
8082
8083
14032
8088
8089
3338
4486
14322
9806
12446
16569
16568
3329
4288
16565
16564
16567
16566
16561
16560
16563
16562
4713
12679
12678
6644
6645
6646
12676
6640
6641
12673
12672
10813
10812
10811
10810
10817
10816
10815
10814
10819
10818
17127
6182
7801
7800
7803
7802
7805
7804
7807
7806
7809
7808
6180
15214
17946
16309
16308
15215
8121
16301
16300
16303
16302
16305
16304
16307
16306
6398
6399
12530
6392
6393
6390
6391
6396
6397
6394
6395
2396
2397
2394
2395
2392
2393
2390
2391
15649
4625
2398
2399
12526
4134
4135
12965
2724
3076
15218
12964
12539
12967
2722
1858
1859
12966
3500
12443
921
1850
1851
1852
1853
1854
1855
1856
1857
2172
2173
2170
2171
2176
2177
2174
4968
4967
4966
4965
2179
4963
4962
4961
4960
14044
1421
14046
14047
14040
14041
14042
14043
3846
14048
14049
1933
1932
3263
1930
3265
3264
3267
3266
3269
5125
1939
5127
5120
5121
5122
5123
7944
1427
7237
1426
9193
3364
13238
13239
14733
13232
9195
13230
13231
13236
13237
13234
9194
14956
14957
14954
14955
14952
14225
14226
14951
14228
14229
17172
14958
14959
9199
14734
10377
14735
10862
1068
7948
15261
17178
17126
10370
10371
13630
930
12525
8268
6886
6887
6884
15794
6882
6883
15791
6881
9672
4044
7984
6888
15798
9131
12524
15543
6519
995
15914
605
13962
607
606
1209
600
603
602
1205
1204
1207
1206
1201
1200
1203
1202
15573
15572
15571
15570
15577
15576
8279
15574
8277
8276
8275
8274
8273
8272
8271
8270
10772
16092
997
13964
9514
16095
13965
4895
10770
3130
16094
465
9516
16545
464
3000
10776
16544
13968
12209
13969
9513
78
461
10775
6668
8108
12204
8419
8418
1355
12205
8413
8412
8411
8410
8417
12206
8415
8414
18123
6236
7588
7589
9809
9808
9807
12200
7586
7587
9803
18121
7582
6230
12653
5556
6233
6663
6637
18127
6232
6660
18126
6661
5553
12657
18124
6667
6482
12655
6636
15460
11829
8267
12654
993
15391
11828
13982
15462
4149
4148
4145
4144
4147
14854
4141
4140
4143
4142
3856
3857
3854
3855
3852
15467
3850
3851
992
15394
14675
3858
3859
11826
18001
14673
11578
14672
4482
16147
1062
4814
11823
8261
5961
14670
5962
5403
15426
5963
16143
5965
16172
16173
16170
16171
16176
16177
16174
16175
5915
5914
16178
5916
5911
5910
5913
5912
15421
16891
17229
17228
17559
16326
4476
17224
17227
17554
17553
17552
17223
17222
10512
16324
6261
4558
13428
4556
13426
4554
4555
13423
13422
13421
13420
601
10511
11689
11688
11685
11684
11687
11686
11681
11680
11683
10517
17236
9773
17237
10515
15423
17234
14981
17235
15732
14980
17232
14983
17233
999
8865
17546
6175
8862
14497
17231
14984
16796
16797
16794
16795
16792
16793
16790
16791
14986
14056
16798
16799
6077
12087
12084
12085
6073
12083
12080
12081
5774
12088
12089
2617
2616
2615
2614
2613
2612
2611
2610
2619
2618
7346
7347
7344
7345
10798
10799
7340
7341
10026
10027
10796
10025
10790
10791
7348
10793
13433
1971
13434
4544
12338
12339
12334
12335
12336
12337
12330
12331
12332
12333
1414
7009
7008
10248
10249
9029
9028
9025
7000
9027
7002
10246
9020
9023
7006
13995
11698
1184
15429
11694
740
741
742
743
744
745
746
747
748
749
5426
15428
2949
2948
2947
2946
2945
2944
2943
2942
2941
2940
1050
1051
1052
5354
5353
5352
5351
1057
1058
1059
5359
5358
4310
15065
4312
4313
4314
4315
4316
4317
4318
4319
15067
14567
11046
11045
15066
11043
11042
11041
18021
15061
11049
11048
15063
3119
3118
3117
3116
3115
3114
3113
3112
3111
3110
15960
15961
15962
15963
15964
15965
15966
15967
8646
8647
8644
8645
8642
8643
8640
8641
5422
6558
6559
5740
11309
5742
5743
5744
5745
5746
5747
5748
5749
11302
11303
15670
11305
11306
11307
3184
7838
4443
3185
10215
9126
12112
13620
1700
5266
12732
3183
5265
14590
5264
1704
1705
15216
15217
12534
12535
12532
1706
15210
12531
5260
14591
12538
15219
14181
6584
15673
14180
6874
2136
10354
5794
14184
16099
16098
16549
16548
14187
16543
16090
16093
16540
16547
16546
16097
16096
2137
12659
6669
6662
12652
12651
12650
6666
12656
6664
6665
10879
10878
7
10871
10870
10873
10872
10875
10874
10877
10876
16327
16890
16893
16892
16323
16894
16897
16896
16899
16898
16329
16328
13623
2135
2378
2379
15912
2374
2375
2376
2377
2370
2371
2372
2373
16406
12093
1876
1877
1874
1875
1872
1873
1870
1871
6347
2133
1878
1879
4945
4944
4947
4946
4941
4940
4943
4942
4949
4948
2118
2119
6041
2130
2110
2111
2112
2113
2114
2115
2116
2117
14022
14023
14020
14021
14026
14027
14024
14025
14028
14029
11395
17056
1918
17054
17055
17052
17053
17050
17051
5102
1910
5100
5101
5106
1914
5104
5105
13210
14325
13212
13213
13214
13215
13216
14324
13218
13219
11312
6611
11135
4013
11134
16404
10499
10498
10497
14321
10495
10494
10493
4011
10491
14320
883
882
881
880
14978
14323
885
884
14974
14975
14976
14793
14970
14795
14972
14797
2621
11399
9148
16407
15390
11398
9887
9886
6617
2625
9885
9613
9884
9149
14459
15397
7500
14458
8766
18136
9882
7502
6616
9880
3984
4552
6868
15778
15396
6864
6865
6866
6867
6860
6861
6862
6863
1919
6615
17986
17057
17987
5108
4553
3027
5109
15395
9889
17989
9586
9888
13438
7209
7354
8255
8254
1269
1268
8251
3289
8253
668
1263
1262
665
3288
663
1266
661
660
15519
1911
8789
8788
4531
5103
8783
8782
8781
15512
15515
1913
15517
8784
3284
7618
7619
7614
3283
7616
7617
7610
7611
7612
5107
7504
1917
3280
8431
8430
8433
8432
8435
8738
8437
13211
8439
8438
9142
15585
16023
9825
9824
9827
9826
9821
9820
9823
9822
9829
9828
12528
12774
15589
12775
6150
15343
13217
12776
5242
12777
15296
6121
5367
17297
6120
12594
6123
14059
12595
16025
12773
12596
8043
15297
15609
12590
12591
4129
4128
6152
13869
16026
4123
12778
4121
13868
4127
4126
4125
4124
4196
15294
5688
8924
13866
5685
5684
5687
5686
5681
13865
5683
5682
9146
4195
15323
13863
13862
13861
10496
13860
13561
9147
11519
11518
11515
11514
11517
11516
11511
11510
11513
11512
16158
16159
5979
5978
3019
5973
5972
16152
5970
5977
5976
5975
5974
14798
17209
17208
7244
14799
17203
17202
17201
17200
17207
17206
17205
17204
1049
887
9145
886
289
288
15290
14790
14791
5406
14792
2587
2586
2585
14977
2583
2582
2581
2580
14794
15291
2589
14971
281
1887
14796
16281
14052
14973
16282
9058
282
16046
16761
285
16285
15952
6059
6058
5404
6055
6054
6057
6056
6051
6050
6053
6052
10004
10005
10006
10007
10000
10001
10002
10003
2635
2634
2637
2636
2631
10009
2633
2632
9599
9598
9229
9228
9227
9594
9597
9596
9591
9222
9221
9592
13436
9053
16467
12358
12359
12352
12353
12350
12351
12356
12357
12354
12355
10260
10261
10262
10263
10264
10265
10266
10267
10268
10269
12616
5401
9049
9048
9043
9042
9041
9040
9047
9046
9045
9044
3544
17328
3546
3547
3540
3541
3542
3543
7693
3548
3549
5400
11142
16043
2965
2964
2967
769
2961
2960
2963
2962
762
763
760
761
766
767
764
765
5379
5378
1078
1079
5375
1077
1074
1075
5371
5370
1070
5372
13005
13004
13007
13006
13001
13000
13003
13002
5409
13008
4338
4339
4336
4337
4334
4335
4332
4333
4330
4331
3135
3134
3137
3136
3131
18009
3133
3132
18004
14584
14587
18007
18000
3138
14583
14582
17858
17859
17856
17857
17854
17855
17852
17853
17850
17851
10489
15988
15989
15986
15987
15984
15985
15982
15983
15980
15981
775
1621
14157
14579
5768
5769
5766
5767
5764
5765
5762
5763
5760
5761
15186
15187
15184
15185
15182
15183
15180
15181
5181
15188
15189
16124
1530
8829
15326
4635
8193
1627
12444
15325
9305
12442
8927
6432
77
12518
12440
1626
15234
15235
15236
15321
12510
12511
12512
15233
7427
7426
7425
74
7423
7422
9306
7420
15779
7429
7428
16521
16520
16523
16522
16525
16382
16527
16526
16529
16528
10439
12631
15775
12633
12632
12635
12634
6606
12636
12639
6609
15329
15777
7501
10857
10856
10855
10854
10853
10852
10851
10850
15771
2470
10859
15770
5924
9300
15773
15772
16203
1043
14151
4570
5363
1041
9301
1040
2479
12189
12188
4638
12186
12185
12184
12183
12182
12181
12180
4571
5364
5365
9276
9302
2358
2359
2352
2353
2350
2351
10703
2357
2354
2355
4572
1048
9303
17690
17691
17692
17693
1898
17695
3739
3738
3737
1895
3735
3734
1890
3732
3731
3730
13580
4690
13582
4920
4695
13585
4697
1701
4699
4698
4929
4928
2138
2139
11726
11727
11724
11725
11722
11723
11720
11721
10701
11728
11729
14008
4800
5162
5163
5164
5165
5166
5167
5168
14001
14002
14003
14004
4802
14006
14007
8325
2786
17078
17079
17074
17075
17076
17077
17070
17071
17072
17073
4776
2783
4777
7003
2782
4774
16209
13644
17819
9698
4809
9696
9697
9694
9695
9692
9693
9690
9691
14918
14919
4770
14912
14913
14910
14911
14916
14917
14914
14915
17132
8256
4520
8250
10602
17349
669
11604
8252
5779
2079
14842
667
11606
4778
4578
666
11601
4779
1261
10607
1799
1260
10604
1793
8259
1791
9462
1797
1796
1795
1794
12154
6848
6849
13519
1265
6304
6842
6843
15751
6841
6846
15756
6844
6845
18013
10609
15270
14571
2077
14572
11608
15750
18010
6303
14633
18017
6302
12141
18016
6590
8232
6592
8230
6594
8236
8235
15530
6598
6599
8239
8238
15539
15538
13517
15511
15510
15513
10131
15272
7638
7639
7632
8787
7630
7631
7636
7637
7634
8786
11955
16322
8785
11954
15516
14125
10628
1025
14124
14843
8816
11951
13515
3128
14122
9843
9842
9841
9840
9847
9846
9845
9844
9849
11952
16035
5345
5813
5814
13514
16320
16032
1537
3093
1243
1242
1245
1532
3094
3095
1249
1248
3098
3099
5346
1539
1538
6377
16741
3121
16740
13513
3126
16008
16215
3127
4101
9645
4103
16214
4105
4104
4107
4106
4109
4108
7613
9647
16212
10421
9340
16211
9641
16210
10427
17346
3898
3899
12245
9643
17347
3892
3893
3890
10425
3896
3897
3894
3895
17345
17342
8189
17615
18026
17616
15994
17617
15997
5951
5950
11539
11538
5955
5954
5957
5956
5959
11532
11531
11530
11537
11536
11535
11534
1023
238
17225
15992
239
14464
14454
653
12059
6678
5343
8958
12058
8959
13502
1991
8434
14453
4612
4615
8436
4614
6983
13506
225
1567
4616
14078
14452
5778
17083
8512
11922
6955
8546
10788
9162
14451
17082
3371
18027
16166
10622
12560
17261
3038
6039
17262
17265
17264
17267
17266
6033
6032
6031
6030
14450
6036
6035
6034
9205
9204
10060
2658
9201
9200
9203
9202
2653
2652
10068
10069
9209
14389
2655
2654
17220
16558
7388
7389
9417
7382
7383
7380
7381
7386
7387
7384
7385
12370
12371
12372
12373
12374
12375
12376
12377
12378
12379
1990
6448
9061
9060
9063
9062
9065
9064
9067
9066
10286
10287
10284
10285
10282
10283
10280
10281
15190
12247
17484
17487
17486
3566
3567
17483
3565
3034
3568
3569
17489
17488
4484
4485
13397
4487
4480
4481
17106
4483
2489
4488
4489
2903
2902
2901
2900
2907
2906
2905
2904
704
705
706
2908
700
701
702
703
11883
11882
11881
11880
14619
11886
11885
11884
14615
14614
14617
14616
14611
14610
14613
14612
5319
5318
5313
5312
5311
5310
5317
5316
5315
5314
13023
13022
13021
13020
13027
13026
13025
13024
13029
13028
3214
3037
3215
1984
17874
17875
18068
17877
17870
17871
3155
17873
11083
11082
11081
3158
18066
17879
11085
11084
3030
2936
10648
1980
3213
2019
3031
10649
1267
3032
4657
16408
3033
9419
11019
15014
8574
8575
8576
8577
8570
8571
8572
8573
8578
8579
2070
15258
12579
15015
2015
15252
12573
12570
15251
15256
15257
12574
12575
17304
7409
7408
7405
7404
7407
7406
7401
7400
7403
7402
2815
16059
2014
16509
2814
16507
16506
16505
6928
16503
16050
16501
16500
6628
12618
12617
6627
12615
6625
6622
6623
6620
6621
2017
18022
11873
3088
5134
11929
4652
12236
12503
15222
564
17020
12501
2818
14553
12500
15227
12298
15019
12506
13625
13624
13627
13626
4710
4711
2336
13622
2338
2339
15224
13629
13628
10641
14256
4122
14703
12922
15229
10728
14250
3715
3714
3717
4120
3711
12978
3713
3712
15357
12979
3719
3718
15656
2711
11533
1569
17678
17679
17676
17677
17674
2013
17672
15654
17670
17671
4909
4908
15655
2488
13569
2486
13567
4903
13565
2482
13563
2480
15653
7437
11708
15650
11704
2012
11706
11707
11700
11701
11702
11703
17009
4706
15355
5148
5149
5146
5147
5144
5145
5142
5143
5140
5141
120
121
122
17019
124
125
126
127
128
129
17010
17011
17016
17017
17014
17015
7221
1188
7220
3378
10349
5680
4658
1186
7954
2874
5424
7953
981
13531
5427
9169
1185
7227
1182
7014
7226
2076
5420
9164
1180
9165
13530
1181
2306
7247
7246
7245
9167
7243
7242
7241
7240
7015
10347
7249
9161
7959
10344
15351
15731
15886
15733
15884
15883
15882
15737
15736
15739
6829
8187
15889
15888
10545
10544
10547
10546
10541
10540
10543
10542
15350
10549
10548
12644
4018
6674
10979
1902
16088
8817
14283
14932
14933
14286
14935
14936
14285
14938
14939
14288
14289
8819
8818
8219
6495
12642
8749
6494
8747
8746
8745
8212
8215
8742
8741
8740
7650
7651
7652
7653
7654
7655
7656
7657
7658
7659
5804
16966
13518
3391
6490
6248
15382
6249
6679
15383
9562
16087
13537
4246
9563
8179
16085
13955
13954
10749
13953
10748
15776
15389
9869
933
4240
6913
10746
9861
9860
9863
4241
9865
931
9867
9866
14426
14427
14424
12272
14422
11143
11140
14421
10743
6949
11148
14429
10407
15479
1519
935
1515
1514
1517
10740
1511
1510
1513
1512
6962
14668
5381
5755
15472
14556
13818
15473
13816
13817
13814
13815
13812
13813
13810
14849
6940
11838
9183
15476
5387
15477
5388
15474
14845
1996
15475
6964
14662
17885
11948
11835
11832
11833
11551
11550
11553
11552
11555
11554
11557
11556
11559
11558
6967
14667
16228
5971
14005
16153
9181
14554
16154
16155
5328
10601
16157
16330
16331
16332
13477
7919
10606
16334
2544
16335
1471
16884
16337
11016
8772
16321
14992
16889
13884
14993
14990
263
262
261
260
267
266
265
264
11945
8875
269
268
16268
16269
6011
6010
6013
6012
6015
6014
6017
6016
6019
6018
14995
17249
17248
17247
17246
17245
17244
17243
17242
17241
17240
10048
10049
9261
989
9267
9266
9265
9264
10736
10737
10042
9268
10732
10733
10730
10047
16222
11943
12398
12399
12396
12397
12394
12395
12392
12393
12390
12391
11670
11141
8951
9089
9088
9087
9086
9085
9084
9083
9082
9081
9080
10008
8618
11671
3508
3509
5089
5088
5083
3501
5081
14738
5087
3505
5085
5084
2671
2670
2673
2672
2675
2674
2677
2676
2679
2678
2929
2928
2921
2920
2923
2922
2925
2924
2927
2926
5331
5330
5333
5332
5335
5334
5337
5336
1208
14632
14631
14630
14637
14636
14635
14634
16227
1290
13049
13048
11825
13041
13040
13043
13042
13045
13044
13047
13046
18040
15076
18042
18043
18044
18045
18046
15077
18048
18049
6545
3179
3178
17810
2037
17816
17817
17814
17815
3171
3170
3173
3172
3175
3174
3177
3176
15070
2911
14499
726
727
724
725
722
723
720
721
728
729
1164
1165
1166
1167
1160
1161
1162
1163
1623
1168
1169
2035
2584
15078
11092
6548
3197
1367
3195
1380
1365
15093
2323
3193
1363
9384
474
5253
14418
475
9235
9386
1381
8552
8553
12804
794
15274
12803
8554
8555
15278
8005
8558
14730
8000
8001
8002
12809
1861
791
17686
9383
1863
7469
17684
1368
7463
17683
7461
1369
7467
7466
7465
3729
17689
16079
16078
14478
2031
16073
16072
16071
16070
16077
16076
16075
16074
1869
1868
10899
10898
10893
10892
10891
10890
10897
10896
10895
10894
2781
14737
14802
17688
13597
13596
13307
4932
13594
13593
4683
13603
13602
13601
13600
4736
13606
13605
2319
2316
2317
4738
2315
2312
2313
2310
2311
5854
5855
5856
13734
5850
5851
5852
5853
4022
5858
5859
13732
17654
17655
17656
17657
3777
3776
17652
3774
3779
3778
17658
17659
4655
4654
13546
4656
4651
4650
13542
13543
17382
17383
17380
17381
4659
13549
17384
17385
11737
16381
7888
16383
11769
16385
4028
16387
16386
11762
16388
11760
11761
11766
11767
7887
11765
17030
17031
17032
17033
17034
17035
17036
17037
17038
17039
108
109
102
103
100
101
106
107
104
105
15797
14336
14337
11739
14442
2106
15138
14332
2104
15796
11125
11126
1199
14331
7037
10387
10386
10385
10384
10383
10382
10381
10380
2639
16083
10389
10388
16925
16924
16927
16926
16921
16920
16923
16922
7265
7264
7267
7266
7261
7260
7263
7262
6204
12234
6206
6207
12231
6201
12233
12232
16080
7513
12239
12238
341
14014
15869
15868
15719
6809
6806
6807
15867
6805
6802
15860
15863
15862
10563
10562
9746
9747
9740
10566
9742
10564
15793
16427
10568
9748
9749
17391
6869
8775
17061
3012
8839
8838
15792
3013
8835
8834
8837
8836
8831
8830
8833
8832
16511
7147
18028
3016
14477
3017
9595
3014
7678
9226
7676
7677
7674
7675
7672
7673
7670
7671
16512
9224
9223
9590
11861
15790
17995
1759
1758
1757
1756
1755
1754
1753
1752
1751
1750
6113
17994
17008
18073
12542
1285
1284
1287
1286
14408
1280
1283
1282
11164
11165
11166
14407
11160
1288
14402
11163
8765
8764
1579
1578
689
8760
8763
8762
1573
1572
1571
686
1577
1576
1575
1574
13834
13835
13836
13837
13830
13831
13832
13833
6157
13838
12875
12709
8050
6159
8057
12872
8507
5629
5628
5627
5626
5625
5624
5623
5622
5621
5620
8493
8492
8491
8490
8497
8496
8495
8494
8499
8498
4183
4182
10966
4185
13875
5995
5994
5997
5996
5991
5990
5993
5992
11577
11576
11575
11574
5999
11572
11571
11570
14191
10484
12119
10247
10664
18139
4678
15032
890
8046
891
13334
10665
4677
15033
16657
6781
12757
6783
6782
6785
6784
6787
6786
6789
6788
7889
12138
898
10245
4676
5732
899
15030
9236
3592
17000
11005
7498
245
244
247
246
241
16249
16718
242
16716
16245
16714
16247
16712
16713
16242
16711
12008
12009
12006
12007
12004
12005
12002
12003
12000
12001
4674
16248
3590
7490
9249
9248
7491
9539
9538
9241
9536
9535
9242
9533
9532
9247
9246
7902
9121
3698
3699
17388
3690
3691
3692
3693
3694
4672
3696
3697
10713
17998
17389
3545
2168
16490
3526
3527
3524
3525
3522
12751
3520
3521
3528
3529
3254
18131
4670
16244
8950
10714
10715
10716
10717
10710
10711
2699
2698
2697
2696
2695
2694
2693
2692
2691
2690
14875
14874
14653
14652
14871
14870
14657
14656
14659
14658
14879
14878
13558
11798
13067
13066
13065
13064
13063
13062
13061
13060
13069
13068
16755
1749
1224
7880
65
11371
2153
3599
4534
17838
17839
1223
17830
17831
17832
17833
17834
17835
17836
17837
10179
16240
4014
1506
7882
1361
17725
10669
1142
1143
1140
1141
1146
1147
1144
1145
1148
1149
768
7885
8770
505
14491
14759
2268
1745
7884
7199
7198
7193
7192
7191
7190
7197
7196
7195
7194
12473
400
10
2969
15374
10422
15311
2968
8538
8539
8028
6401
12828
12829
15298
15299
8530
8531
8020
8021
15292
8535
8536
8537
7441
7440
7443
7442
7445
7444
7447
7446
7449
7448
10423
12474
12133
5554
19
8184
12114
6408
17612
8186
6879
15769
6877
2766
15239
16895
8183
6876
8182
17613
6875
13993
4283
4280
4281
13997
13996
4284
4285
6873
13999
4289
6872
5190
10170
6871
6870
14209
14413
10426
17898
380
381
382
383
384
385
386
387
388
389
7592
4758
13668
1743
13472
13661
13660
4752
4753
4754
13664
13667
13666
5872
5873
11298
11299
16015
5877
16017
5875
11292
11293
11290
11291
11296
11297
11294
11295
17632
3758
17630
17631
17636
17637
17634
17635
3751
3750
17638
17639
3755
3754
3757
3756
2190
2191
4631
2193
4637
4636
13524
2197
2198
2199
4639
13529
11740
11741
5552
11743
11744
11745
11746
11747
11748
11749
2046
13751
4812
39
4811
6403
3909
13298
13299
2641
2045
168
169
13290
13291
13292
13293
13294
161
13296
13297
13650
2040
13651
13009
14660
13652
6194
6195
6196
13653
6190
6191
6192
6193
13654
17557
6198
6199
4764
2734
2735
2736
2737
2730
13656
2732
2733
13657
2738
2739
9186
4769
9184
9185
9182
10368
9180
4768
10365
10364
10367
10366
10361
10360
10363
10362
16903
6378
16901
16900
16907
16906
16905
16904
7203
7202
7201
16908
7207
7206
7205
7204
6222
12212
12211
6221
12217
12216
12215
12214
11612
12219
12218
7857
11613
15849
15848
11610
15444
15843
15842
15841
15840
15847
15846
15845
15844
10509
10508
9760
9761
9766
9767
9764
6371
10501
10500
10503
9769
10505
6372
10507
10506
12122
16537
12125
6375
809
808
6376
803
8852
8851
800
807
806
805
804
10141
6469
10415
14585
10142
13450
6176
18005
10413
10504
17451
18006
10412
5274
1774
5276
5277
5270
1770
1773
5273
3139
10146
1779
1778
14580
10318
11946
9492
18002
14131
10424
17456
18003
14132
13318
14133
10228
11942
17144
17550
3377
14135
5803
1488
14136
5802
17457
11901
11941
16022
2979
17997
17996
11108
14469
17993
1554
17991
17990
11102
11103
11100
11101
14466
11107
17999
14465
15591
15590
15593
15592
8707
8706
2638
15596
15599
15598
8709
8708
3330
13852
16752
13850
13851
13856
13857
17146
16753
13858
13859
16202
5605
5604
5607
16751
17455
5600
5603
5602
205
5609
5608
12671
9321
207
8605
10411
9634
206
9635
209
9636
208
10682
9325
16998
12670
6651
4693
9493
14140
17375
10683
138
16999
18056
4692
12455
15334
12457
6427
6420
15330
12453
15332
6428
6429
6257
10680
10226
15059
11529
7468
6256
4694
17699
6769
6768
6767
6766
6765
6764
6763
6762
6761
6760
9977
9976
9975
9974
9973
9972
9971
9970
9979
9978
16734
16735
16736
16737
16730
16731
16732
16733
2160
16738
16739
12024
12025
12026
16229
12020
4696
229
228
227
226
16220
224
223
222
16224
16225
1508
11792
17558
10677
11394
15056
11794
5193
14518
15313
6407
2974
5095
2509
2508
2507
2506
2505
2504
2503
2502
2501
2500
17175
17174
17177
17176
17171
17170
17173
5048
5047
5046
5045
5044
17179
5042
5041
5040
5005
7052
6998
16263
9515
10773
10317
10771
9511
9510
10774
9512
10778
15310
9519
9518
14853
14852
14851
14850
14857
14856
14679
14678
14677
14676
14859
14858
11821
11820
14671
11822
15317
1256
3279
13089
13088
1257
13085
13084
13087
13086
13081
13080
13083
13082
985
15316
1520
6404
1253
5182
1250
1622
1251
17633
5180
6038
1620
15315
1995
1994
10196
10197
10194
10195
10192
1625
10190
10191
1528
1624
10198
10199
15314
1629
1128
1129
1628
1120
1121
1122
1123
1124
1125
1126
1127
16345
10055
15108
15109
15106
15107
15104
15105
15102
15103
15100
15101
17556
18084
18085
18086
18087
18080
18081
18082
18083
18088
18089
5234
8516
8041
8514
8515
8044
8513
12592
8047
8048
8049
6859
12598
12599
8518
8519
12848
12849
12842
12843
12840
12841
12846
12847
12844
12845
5097
14239
15318
10151
11989
14400
11503
2864
558
6819
2868
554
17555
15039
6379
13647
13646
13645
4775
13643
13642
13641
4771
15238
6037
13649
13648
14246
9992
14247
14244
15213
5818
5819
11170
14245
16039
16038
5810
14242
5812
16034
16033
12516
5816
14715
17618
17619
15237
14716
17348
10355
17610
15230
17344
14717
17614
17343
17340
17341
4619
13509
15232
12942
4611
4610
4613
13503
13504
13505
4617
13507
15660
15667
15211
6925
15666
4880
7424
15665
4881
12944
2707
10441
16091
146
147
144
2706
142
7421
140
1198
2701
148
149
1196
132
2703
754
4887
16693
16692
16691
16690
16697
16696
16695
16694
10567
16699
16698
7960
11981
1191
131
10689
14906
5451
17409
10443
5945
1193
17156
2712
2713
2710
1192
2716
2717
2714
2715
6926
1195
2718
2719
5455
10699
10698
6811
10348
7225
7952
7951
7950
7229
10690
10341
10340
10695
10694
10697
7958
16969
16968
10681
6921
11770
16961
16960
16963
16962
16965
16964
16967
10687
12279
12278
10684
12271
12270
6242
6243
6244
12274
6246
6247
10527
10526
10525
10524
10523
10522
10521
10520
12131
136
10529
10528
9708
9709
17579
9700
9701
9702
9703
9704
9705
9706
9707
8871
8870
8873
8872
14996
3096
8877
12630
8879
8878
14998
14999
6602
4404
17164
6603
829
828
13314
825
824
827
826
821
820
823
822
4259
3097
12637
15446
134
13311
6815
6607
15445
4401
17165
6608
14206
8160
4402
12638
15911
13312
10569
6973
1713
1712
14198
14199
1717
6970
1715
5255
14192
14193
14190
6971
14196
6259
14194
14195
15821
15820
15823
15822
15825
15824
15827
15826
15829
15828
4253
17084
13943
17087
6817
4255
13945
11120
12262
11122
14443
11124
4257
14446
11127
11128
11129
13947
12260
14338
14339
18149
3018
6250
17979
17978
18148
17975
17974
17977
17976
17971
17970
17973
3015
8729
8728
12264
11507
8721
8720
8723
6254
8725
8724
16380
8726
4189
4188
5392
4181
4180
13872
13873
13874
4184
4187
4186
5663
5662
5661
5660
5667
5666
5665
5664
5669
10858
18143
1356
18142
2630
6409
11803
356
14830
9385
5399
3196
10330
11807
11806
1714
11805
11804
10200
6402
15312
6400
12
6406
8188
17
6405
8185
18
12479
12478
8181
8180
6823
354
17433
7765
7766
7767
7760
7761
7762
7763
7768
7769
3194
3904
3905
3906
3907
3900
3901
3902
3903
3908
353
6745
6744
6747
6746
6741
6740
6743
6742
11637
6749
6748
7718
9716
9381
9959
9958
9955
9954
9957
9956
3090
9950
9953
9952
201
200
16750
202
16756
16757
16754
16207
16208
351
16758
16759
3476
12042
12043
12040
12041
12046
12047
12044
12045
8888
12048
12049
8889
3472
350
835
12918
11632
8885
17169
1711
8886
8887
8880
12919
3479
12187
11633
3658
3659
3654
3655
3656
3657
3650
3651
3652
3653
2525
2524
2527
2526
2521
2520
2523
2522
2529
2528
11465
11464
11467
11466
11461
11460
11463
11462
11469
11468
2367
5065
5064
5067
5066
5061
5060
5063
5062
5069
5068
6521
14848
17152
17151
17150
17157
17408
17155
17154
17405
17404
17407
17158
17401
17400
13878
17402
11177
2748
12134
13319
4409
13315
4405
13317
13316
4400
13310
13313
4403
9573
9572
9571
9570
9577
9576
9575
9574
920
10751
9579
9578
924
15335
10756
10757
14839
14838
11809
11808
5397
5396
5395
5394
14831
11802
14833
11800
14835
14834
14837
14836
12825
6825
10342
10072
2667
8547
18020
15337
15043
15042
14519
688
15041
8991
12827
6571
17049
15047
15046
9397
9396
9395
9394
780
6574
9391
9390
6591
2356
15044
788
789
9399
9398
12820
15331
4382
10077
15049
15124
15125
15126
6579
15120
15121
15122
15123
10789
15128
15129
12821
6915
1719
253
1371
12273
7159
406
7157
7156
7155
7154
7153
7152
7151
7150
15333
10467
1372
10079
403
250
7070
402
12860
784
12862
12863
12864
12865
12866
785
8066
8067
12823
8065
8062
786
8060
8061
7485
7484
7487
787
7481
7480
7483
7482
15925
9393
7489
7488
12275
20
2899
782
2895
2894
2897
2896
2891
2890
2893
7699
1454
5245
1104
1105
1450
1451
256
1727
17694
4380
1458
5247
1108
1899
17650
1725
17696
654
5241
17697
1723
1894
8601
5243
3736
6523
6907
12277
1896
1455
17651
15832
1897
17088
13134
3733
15830
1891
15831
1892
6906
12276
1893
3860
11639
15837
4691
15834
13581
15835
2134
15921
13583
4798
4799
6905
4794
4927
4796
4797
4790
4791
4792
4926
5836
5837
5834
5835
5832
4925
5830
11259
11256
11257
11254
2131
11252
11253
11250
5839
13588
13723
6904
21
13589
4035
3287
7314
4034
13876
15338
4037
4036
15923
11784
11785
6903
15127
11780
11781
11782
11783
15532
11788
11789
13877
6028
17215
6522
2668
4
17210
6831
14969
17212
11097
10723
2669
6901
6496
3005
3004
6024
3007
6025
12789
12788
17366
14300
17360
17361
17362
17363
12781
14307
6491
12782
12785
12784
12787
12786
10321
10320
10323
4898
10325
14305
10327
5161
10329
4892
4891
4890
4897
2775
2776
4894
16947
16414
16945
16944
7979
16410
16413
16412
9490
9143
9140
7976
16419
16418
9144
16948
6266
379
12255
6265
6262
6263
12251
12250
13233
12259
12258
17092
14000
17090
17091
17096
17059
6493
17095
17098
17099
2642
9726
9727
9724
9725
9722
9723
9720
9721
4270
9728
9729
10469
373
847
846
845
372
3463
842
841
3460
8897
8896
8895
7158
8893
8892
3469
3468
664
17966
1583
17964
17965
4276
16663
17962
4905
17960
16389
17961
5118
1739
1738
15197
1731
5231
5232
1732
1735
4904
5236
5237
13126
13127
13124
13125
13122
13123
13120
13121
15807
15806
15805
15804
15803
15802
13128
15800
9
6838
4907
13777
16719
1595
3071
1597
1596
1591
1590
1593
3077
14314
14315
14316
14317
14310
14311
14312
14313
16325
6143
17959
17958
12713
3150
17952
17951
17950
17957
12710
17955
17954
13306
12711
12716
12717
12714
12861
4512
16717
6144
2403
5649
5648
12491
5641
5640
5643
5642
5645
12718
5647
5646
11
12719
8068
8069
12868
12490
12869
8899
15192
8064
2966
16715
8722
9699
450
8063
12493
489
488
487
486
485
484
483
13
481
480
15379
15378
3298
6460
12410
15373
6463
15375
12414
15377
15376
7742
7743
7740
7486
7746
7747
7744
14806
7748
7749
3922
3923
3920
3921
3926
3927
3924
3925
3928
3929
12495
7828
6723
8306
8305
6720
8303
6726
8301
8300
15
6729
6728
8309
8308
8727
4825
12494
9071
12159
9939
9938
14
9933
9932
9931
9930
9937
9936
9935
9934
16778
16779
14212
12497
16771
16772
16773
16774
16775
16776
16777
6099
1552
10293
6091
5838
6093
6092
6095
6094
6097
2898
10350
13499
12806
4823
12496
360
16
655
3295
10351
12807
4820
5049
1452
3678
3679
3672
3673
3670
2892
3676
3677
3674
3675
2543
1106
2541
2540
2547
2546
2545
1107
2549
2548
1456
11443
11442
11441
1457
11447
11446
11445
11444
3297
1102
11449
11448
12805
1103
5003
5002
3582
5000
3584
1100
3586
5004
3588
3589
5009
1101
17139
17138
17429
12213
14924
3290
17423
17422
17421
17420
17135
17134
17425
17136
902
903
13339
13338
906
907
904
1555
4422
13332
4420
3282
4426
4427
13335
1459
9559
9558
2588
14923
3291
17327
9551
9550
9553
1109
9555
9554
9557
9556
5949
14865
13956
3292
12800
6529
12931
1453
12597
7092
12210
3293
4229
13490
12801
8744
4675
15907
16953
2274
11136
10358
13491
13037
13853
6061
17058
15904
2272
17510
10359
8934
11860
14815
11862
14813
14812
11867
11866
11869
11868
8938
8939
14819
14818
15142
15143
15140
15141
15146
15147
15144
15145
6839
15148
15149
13497
7175
7174
7177
7176
7171
7170
7173
7172
7179
7178
8628
2916
17516
2917
10204
1696
1697
1694
1695
1692
1693
1690
1691
15903
715
1698
1699
1790
13950
12888
12889
8195
12887
12884
6076
12882
12883
12880
12881
4429
15308
16958
12469
14765
14764
14767
14766
14761
14760
14763
14762
6075
14769
15759
1472
12464
1470
1814
1476
1477
1474
12465
1478
1479
15306
6416
6411
13855
15301
15753
4228
6413
8624
15752
4224
4225
4226
12463
13931
6840
13933
13932
5586
5587
5584
27
5582
5583
5580
23
15757
28
29
5588
5589
8625
15755
15754
15742
1069
12314
11274
11275
11276
11277
11270
11271
11272
11273
13683
13682
13681
13680
11278
11279
13685
13684
17417
8876
8627
1061
13791
5301
17539
5302
17286
14940
5303
1065
5305
13790
1067
5307
17289
4922
17536
17415
14804
7907
17530
16542
3801
8502
14942
4921
2288
2289
17412
2280
2281
2282
2283
2284
2285
2286
2287
2052
8505
10154
4538
12311
2054
17413
6730
3238
4828
8315
8623
2056
6732
17302
4826
17300
10906
17306
10900
10903
4535
8310
17308
17309
10909
13447
17410
6735
9120
15537
9122
13446
9124
6736
10309
10308
9128
4822
10305
10304
10303
8231
10653
10300
16433
16432
16431
6593
16437
4532
16435
16434
7913
15533
16439
7910
17411
7916
7915
6595
7980
4618
6288
6289
13797
11622
6284
6285
6286
6597
6280
7982
6282
6283
182
183
180
7983
186
187
184
185
9407
188
4793
10019
4323
7075
7985
13796
9405
7987
4215
7988
6851
4592
4924
10621
8703
10018
1818
11018
9409
5833
869
868
10623
3449
11258
11730
861
3444
3447
5831
3441
864
867
866
2756
2757
2754
2027
2020
6365
2022
2023
6364
2028
2029
2758
2759
13798
9335
11255
3146
9334
4217
3147
10150
5216
5217
5214
5215
5212
8701
14158
14597
14156
10404
14154
11251
14152
14153
5218
10157
14595
9333
14592
9332
14593
10408
13108
13109
13104
13105
13106
13107
13100
13101
13102
13103
14484
14485
14486
14487
14480
14481
14482
14483
14488
14489
13112
17931
17930
14378
14379
17935
17934
3058
3059
3056
14373
3054
3055
3052
3053
3050
3051
4597
5151
17863
243
7633
7499
5150
17867
8705
5043
17628
10658
7635
213
3538
15688
16769
15681
15680
15683
211
15685
15684
15687
15686
13408
8234
8
6509
1317
1316
1315
1314
1313
1312
1311
1310
8420
1319
1318
6446
15424
6916
15354
6910
6443
6440
6441
16760
6918
6919
15359
6449
6858
8626
14425
10017
11786
14807
7728
7729
11787
7720
7721
7722
7723
7724
7725
7726
7727
3948
3949
17972
12079
3940
3941
3942
12078
3944
3945
3946
3947
6709
12077
8329
8328
6454
12076
6701
8324
6703
6702
6705
8320
6707
6706
9911
9910
9913
12074
9915
9914
9917
9916
9919
12073
13879
16836
6083
12071
3841
6081
5156
4218
13746
13747
13744
13745
4053
4052
4051
4050
14644
8663
15364
13748
4058
12467
14234
3610
3611
3612
3613
3614
3615
3616
3617
3618
3619
3842
7536
2569
2568
9848
16832
2561
2560
2563
2562
2565
2564
2567
2566
11429
11428
5777
11421
11420
11423
11422
11425
11424
11427
11426
5029
17440
17443
17114
17113
17112
17447
17446
5021
5020
5023
5022
5025
5024
17119
5026
13351
4441
4442
13352
13355
4445
4446
4447
13359
13358
964
965
966
967
960
961
962
963
5393
968
969
1815
14092
8668
662
12460
14930
3470
4933
3092
5391
1240
1535
1534
12643
1533
12812
1244
781
5390
1247
3848
1246
3397
13979
783
10466
649
10464
10465
10462
10463
10460
10461
7320
11614
10468
10089
4221
1618
12237
13978
10029
8912
8913
8910
8911
8916
8917
11849
8915
11847
11846
11845
11844
11843
11842
11841
11840
15168
15169
3239
15160
7328
15162
15163
15164
15165
15166
7329
7113
7112
7111
7110
7117
7116
7115
7114
7119
7118
12461
707
3471
3964
4499
7290
16839
1679
1674
1675
12951
1677
1670
1671
1672
1673
12230
642
3826
15565
4498
7291
14743
14742
14741
14740
14747
645
14745
4100
14749
14748
7292
1418
1419
13568
4102
1410
1411
1412
1413
7964
1415
14589
1417
15674
644
3822
12955
7293
15676
4208
15677
5183
4202
13912
13911
4201
4206
4207
13915
13914
17364
5568
15672
17365
5564
5565
5566
5567
5560
5561
5562
5563
1487
17367
5398
12462
646
308
309
7073
2878
15248
300
301
302
303
304
305
306
15679
11212
11213
11210
11211
11216
11217
11214
12780
11218
11219
12783
10608
7296
3354
17368
3357
17369
12561
3356
9284
5815
14277
648
3820
12563
3350
2778
12562
3353
2779
12565
15275
3352
12958
4899
15244
10322
4673
15246
10324
7298
472
13136
10326
732
2770
5817
10328
2772
7299
2773
2774
4896
16183
16182
16181
16180
16639
16638
16185
16184
16635
16634
16637
16636
16631
16630
16633
16632
470
3891
6118
6119
9499
6114
6115
12747
6117
6110
12740
12743
12742
10923
17329
10921
16416
10927
10926
10925
10924
17320
17321
17322
17323
17324
17325
17326
7978
7283
7282
10679
7932
7935
7934
7285
9109
9454
9455
7289
16940
9102
9451
10675
9453
16459
16458
16989
16988
7974
16983
16982
16453
16980
16987
16986
16985
16984
12299
9141
12293
12292
12291
12290
12297
12296
12295
7970
9839
16949
8295
9497
4078
2728
12257
7396
6223
7411
6264
4166
12254
12253
15340
12252
7391
14516
3429
3428
17588
17589
6612
17584
17585
3421
3420
3427
17581
17582
3424
2002
2003
2000
2001
4589
2007
4859
4858
4857
4856
4587
4586
4581
4852
4851
4850
14174
6961
14176
14177
14170
14171
14172
14173
13302
12625
14178
14179
13303
11988
15905
13300
11982
11983
11980
13301
11986
11987
11984
11985
1908
6618
15900
17093
10373
15901
10581
10580
10583
10582
10585
10584
10587
6968
13162
13163
13160
13161
13166
13167
13164
13165
14350
14351
14352
14353
11186
14355
14356
11185
14358
14359
11188
11189
5953
8153
15465
9546
5952
6173
15908
17919
17918
17917
17916
17915
17914
17913
9544
17911
17910
916
9542
5176
910
8767
10038
9540
5958
3419
9541
1087
1086
1085
1084
1083
1082
1081
1080
13452
1089
1088
12987
8859
12985
12984
12983
12982
12981
12980
1904
5504
12989
12988
5505
5502
6733
8761
5503
5500
5501
9836
449
448
1339
1338
443
1334
1337
440
447
446
445
444
6932
6933
15401
6931
15407
6937
6934
6935
8695
8694
8697
8696
8123
8690
8693
8692
7706
7707
7704
7705
7702
7703
7700
7701
33
32
31
30
5187
36
7708
34
9420
1072
1903
15818
3231
13131
10037
9320
16042
6445
8349
8348
16729
8343
8342
8341
8340
8347
8346
8345
8344
9587
9422
1901
1495
541
4669
8564
7512
3467
17441
3466
3465
12779
844
843
7511
3462
13768
13769
13479
4075
4074
4077
13767
4071
4070
13762
13763
3966
3967
5795
3965
3962
3963
3960
5790
8296
8323
3968
3969
5184
8894
7648
3638
3639
3636
3637
3634
3635
3632
3633
3630
840
12190
17698
8891
6451
848
378
8769
11407
11406
11405
11404
11403
11402
11401
11400
12194
13331
11409
11408
7939
11052
17469
17468
17467
17466
17465
17464
17463
17462
17461
17460
8563
13379
13378
13377
13376
13375
13374
13373
13372
13371
13370
11053
7946
409
948
949
946
947
944
945
942
943
940
941
11054
8523
2348
5185
11055
16846
16847
16844
16845
16842
16843
16840
16841
8522
9547
16848
16849
12176
6326
12174
12175
12172
12173
12170
6320
4376
11056
6329
12179
14505
12522
8521
14504
11027
6457
9667
9666
9665
9664
9663
10449
10118
10119
10444
10445
10446
10115
10440
10113
10110
9668
849
8520
14503
14502
8978
8979
6564
8970
8971
8972
8973
8974
8975
8976
8977
8527
15057
5870
6459
11028
7139
7138
6563
7131
7130
7133
7132
7135
10021
7137
7136
8526
15774
6458
1658
1659
3210
1652
1653
1650
1651
1656
1657
8525
411
586
5238
584
585
582
583
580
5239
7680
588
589
4869
2839
2838
2837
2836
2835
2834
2833
2832
2831
2830
5407
14728
3393
3392
1432
1433
1430
1431
14721
3398
14723
14722
14725
14724
1438
5408
5230
1498
1730
9441
7688
1733
7947
13971
13970
13973
4263
4264
13974
13977
13976
4268
4269
12885
5235
18116
18117
18114
18115
18112
18113
18110
18111
1736
7940
1885
18118
18119
5548
5549
14416
5542
17661
5540
5541
5546
5547
5544
5545
8159
3704
8598
8599
8596
8597
8594
8595
8592
8593
8590
516
17168
4588
10345
8076
15809
2120
15808
2123
5890
5891
5892
5893
5894
5895
5896
5897
5898
5899
11232
11233
11234
11235
11236
11237
2127
8445
2126
10231
13391
8447
15801
7943
13574
11616
13129
4914
8441
15151
13576
2750
4660
4665
13390
8560
4662
8156
9525
4663
17445
17260
17263
10724
9894
9895
9896
9897
9890
9891
324
325
15893
9168
328
329
9898
9899
10116
11714
4272
1560
17269
16619
16618
13919
17268
16613
16612
16611
16610
16617
16616
16615
16614
3070
12769
12768
1594
6132
6133
6130
6131
12767
12766
12765
12764
10949
10948
3073
13918
10941
10940
10943
10942
10945
10944
10947
10946
16477
16476
16475
16474
16473
16472
16471
16470
9472
9473
9470
9471
9476
9207
9474
9475
9653
3078
10061
10229
3079
10066
10067
10064
1599
10065
1598
9522
3252
12536
2249
2244
2245
7942
2247
2240
2651
2242
2243
5178
2657
5402
9208
3401
7535
3403
3402
3405
10117
3407
3406
3409
3408
364
4875
4874
4877
4876
4871
4870
5250
4872
7531
4879
4878
7530
10611
10610
2798
2799
10615
10614
10617
10616
13492
10618
2062
2791
2796
2065
2794
2795
14112
14113
12551
14111
14116
14117
14114
14115
13913
14119
17956
17706
17707
17704
17705
17702
17703
17700
17701
14290
139
17708
17709
12552
13141
13142
13143
13144
13145
13146
13147
13148
13149
3256
9780
9781
9782
9783
9784
9785
9786
9787
9788
9789
7686
12553
9403
16654
16121
4855
8604
16120
8780
16651
5693
16650
9402
8211
7431
13910
6596
10114
7248
5690
12555
9401
5251
6178
11742
6179
5116
14294
5691
12969
12968
6177
15645
15644
15647
15646
12961
12960
12963
12962
7096
7097
7094
7095
10434
7093
7090
7091
5939
11137
7098
7099
12895
6170
12557
8070
1928
12720
11615
8073
6536
8105
8104
8107
8106
8101
8100
8103
8102
1353
1352
467
1350
8109
460
463
462
15469
15468
15399
15398
12558
9406
15461
6483
15463
6481
6486
6487
6484
6485
15452
9682
5113
4039
7646
12977
9684
12559
3438
8361
8360
8363
8362
8365
8364
8367
8366
8369
8368
10980
8217
15454
10288
2203
10289
14018
5644
8216
9069
3186
3187
3180
3181
3182
9068
3188
3189
10787
12972
5558
6533
8158
6172
11397
11396
13708
13709
11393
11392
11391
11390
13702
4012
13700
4010
13706
4016
4015
13705
5797
6530
3988
3989
17449
15457
3985
3986
3987
3980
3981
3982
3983
6515
9408
14236
16911
5796
15922
15876
6504
5039
15458
12158
5119
1111
12971
1110
4772
1445
16288
16289
1112
8157
16280
280
283
16283
16284
284
16286
286
3562
1117
4773
3563
1440
3560
15874
8154
3561
15393
17481
16720
8053
17480
3430
14233
3564
4936
708
17482
15875
8549
536
1448
8052
2481
2477
2476
2475
2474
2473
2472
2471
5792
7258
15872
8152
2478
7874
7875
7876
7877
7870
7871
7872
7873
8051
7878
7879
3432
14231
13395
16868
5791
13394
16864
16865
16866
16867
16860
16861
16862
16863
13396
6309
6308
6305
12155
12156
6306
12150
12151
12152
12153
10134
10135
10136
10137
10130
13393
10132
10133
8150
13392
10138
10139
10428
10429
9649
9648
9319
9318
9317
9644
10420
9646
9313
9640
9311
9310
8956
8957
8954
8955
8952
8953
8545
9568
8151
13399
17028
15392
13398
8056
2209
4209
6539
6855
9569
15745
6857
8055
6856
11014
5256
3436
15740
709
1630
1631
1632
1985
1634
1983
3212
1981
1638
1639
6852
3218
3219
1988
1989
8054
3437
9166
3268
11583
568
569
2817
2816
2811
2810
2813
2812
560
561
562
563
2819
565
566
567
14707
14254
14705
14704
14251
14702
14253
14700
14259
14258
8541
14708
6899
5429
5428
3379
1189
5425
1187
3375
3374
5421
3372
5423
3370
15371
15370
11887
12413
14618
15372
13959
13958
13957
4247
4244
4245
4242
13952
13951
6465
5520
5521
5522
5523
18138
5525
5526
5527
5528
18135
8543
6467
18130
11889
18132
18133
3368
11888
48
49
46
47
44
45
42
43
40
41
7741
7287
6060
12447
7745
15368
10111
6547
6546
15074
15075
15072
15073
6541
15071
4849
16835
6549
15079
16834
16341
16340
16343
12437
16342
15597
678
17294
17295
16725
17524
14927
17525
12436
14926
16349
14665
14925
16348
7517
7516
346
7514
340
17520
342
7510
8800
7842
348
349
7519
7518
16671
16670
16673
16672
16675
16674
16677
16676
16679
16678
14920
12105
7286
3573
12701
6151
12703
6355
2185
6155
12707
12706
6158
12103
3236
12102
10967
8307
10965
10964
10963
6350
10961
10960
9160
12100
3572
10969
10968
4527
2184
8304
4526
6727
4833
8302
12433
6583
13455
16499
16498
15521
16495
16494
16497
16496
16491
15522
16493
16492
6479
12109
8758
6359
12432
6586
3211
8208
7992
6370
8754
16724
2269
2132
8755
2262
2263
2260
2261
2266
2267
2264
2265
14455
9243
7995
5820
8750
8233
9439
5823
8751
9436
11268
8200
11635
11865
12430
8753
11636
13707
4813
2047
2044
4810
4817
4816
4815
3152
15536
11630
4819
15497
17876
13939
11631
9410
11263
9412
9413
9414
9415
9416
11611
10637
3157
10635
16874
10633
2745
11618
3156
14138
14139
17872
15535
9341
14130
11947
11944
3154
14134
9342
11940
11266
18062
9615
17728
17729
5258
18063
17724
9344
17726
17727
17720
17721
17722
17723
11080
15534
10169
15491
17878
13559
9347
11086
10167
11072
18064
9349
18065
8237
5295
15058
17938
11073
10161
7028
10160
4923
10093
10092
10091
8265
10097
3695
13935
10094
10099
10098
17748
11070
13187
13704
7284
2659
6063
15531
13181
6471
13934
11071
3799
3475
12949
15668
12943
15662
12941
9465
12947
12946
12945
15664
6470
17741
7078
7079
15641
7074
9421
7076
7077
5259
7071
7072
17747
14394
14395
14396
14397
14390
14391
14392
14393
8683
9464
17745
14398
14399
5606
6477
15915
6977
8161
12492
15443
15442
15441
8164
12499
12498
8169
8168
15919
15918
6978
15448
8680
9467
6476
12068
15758
6098
9245
8681
9466
8918
8170
11075
8389
8388
8387
8386
8385
8384
8383
8382
8381
8380
12060
8686
15304
12061
6474
15891
12062
8171
4389
4388
4383
12064
4381
9163
4387
4386
4385
4384
407
1370
1373
5257
1375
1374
401
1376
1379
1378
6096
8172
408
3797
3581
8815
5811
9463
4031
4030
13722
4032
13724
13725
13726
13727
13728
13729
14230
8173
11379
11378
11375
11374
11377
11376
8685
11370
11373
11372
15001
14262
4866
9244
14377
4530
11181
15895
994
12547
3308
7896
9873
15896
15405
2746
14435
4919
6604
14434
11157
5366
15897
8567
14436
8177
11151
4705
11153
13737
12745
15898
7351
9469
2459
2458
2455
2454
2457
2456
2451
2450
2453
2452
7852
7853
7850
7851
7856
4980
7854
7855
4408
7858
7859
7350
3455
16808
6153
657
16802
16803
16800
16801
16806
16807
16804
16805
6369
12139
12132
652
6361
6360
12136
12137
13903
12135
10152
10401
9337
10403
10156
10405
10406
10155
12441
10409
10158
10159
9339
9290
9629
9628
2749
9623
9622
9621
9620
9627
9626
9625
9624
12802
1509
1360
14899
14898
14897
14896
14895
14894
14893
14892
14891
14890
1977
3083
1600
7355
3082
1603
1974
8561
1973
4983
1972
14097
14096
14095
14094
14093
1607
14091
14090
13731
1970
14099
14098
3232
3233
3230
3671
5199
3237
3234
3235
5195
1617
5197
1967
1612
1613
1610
1963
13265
13264
13267
13266
13261
13260
13263
13262
13730
6154
13269
13268
13273
2873
2872
2871
2870
2877
2876
2875
2542
2879
13271
3355
14272
14271
14270
3351
14276
14275
14274
14279
14278
3359
3358
5449
5448
7986
11119
5443
5442
5441
5440
5447
5446
5445
5444
7359
5493
12921
11118
12920
15603
7358
13805
18158
18159
5508
5509
18152
18153
18150
18151
18156
18157
18154
18155
5139
13806
15607
17310
12926
17313
542
543
540
11440
546
547
544
545
548
549
9495
15873
12578
17319
15259
12793
3550
5137
5476
6569
6568
5477
15054
15055
6567
6566
15050
15051
15052
6562
7687
12572
7685
7684
7683
7682
7681
15253
14268
5136
15250
7689
3325
3827
3580
3825
3824
3823
5470
3821
10333
12576
4759
2769
3829
3828
8444
14264
8446
3583
8440
15254
8442
8443
5007
5135
15255
8448
8449
10337
14267
10334
12577
14219
10335
12746
7539
7538
368
369
366
7534
7537
365
362
2761
7533
7532
5008
16129
16128
16659
16658
16125
16656
16127
16126
16653
16652
16123
16122
12729
12728
12727
12726
6174
12724
12723
12722
12721
6171
16950
10989
6156
14661
7909
10985
10984
10987
10986
10981
16952
10983
10982
3396
16223
17428
5132
6330
16402
4630
3216
16403
12537
16956
15456
16957
15470
7057
17131
5131
11113
3057
16959
3217
4915
7055
17133
16058
2200
2201
2202
7903
2204
2205
2206
2207
2208
7904
16508
15471
17426
11586
16055
11584
11585
11582
9485
11580
16054
680
10054
17424
16057
11588
11589
14664
12240
12741
9488
12241
16051
900
16502
6273
901
17298
17299
17528
17529
17526
17527
17296
16052
17290
17523
17292
17293
4839
4838
12246
13458
13459
13456
13457
13454
4524
4835
13453
4521
13451
7993
6279
7991
7990
11638
7996
9438
12249
11634
9437
9434
9435
9432
9433
9430
9431
8149
909
12619
5298
8148
5296
5297
5294
6629
5292
5293
5290
5291
13184
17592
2042
17749
13180
4424
13182
13183
17742
17743
17740
4425
17746
6624
17744
905
3072
12614
15935
12613
8638
12612
8141
12611
8636
12610
15939
8634
15734
8145
4266
8631
11775
5847
6993
9292
9293
8257
9552
7333
9297
9294
7330
9298
9299
7339
7338
11964
11965
11966
11967
11960
11961
11962
11963
908
9482
11968
11969
9024
6737
15601
15600
12923
15602
15605
12924
12927
15606
12929
12928
14987
8937
15404
12294
3039
10214
10217
10216
10211
10210
10213
10212
13677
10219
10218
15885
10636
7058
7059
2043
7053
7050
7051
7056
11015
7054
4757
4494
9026
5516
15933
15932
15931
15930
15937
15936
8639
8931
8637
8140
8635
15938
8633
8144
8147
8146
17393
14318
14784
5480
6417
2998
2999
14009
59
58
55
2991
2992
2993
51
2995
2996
52
2990
9486
14319
54
145
13980
57
6275
56
15345
15906
2994
7641
50
9999
9998
53
9372
9991
9990
9993
2997
9995
4406
9997
17599
11036
14517
14514
14515
14512
14513
14510
11031
9484
11039
429
428
14415
1399
1398
1397
420
1395
422
1393
424
1391
1390
854
12419
3453
530
3074
3450
6721
14780
857
3456
851
11013
11359
12418
852
11353
11352
11351
1423
11357
15661
11355
11354
6412
11093
11801
1422
1941
5464
13670
8258
12086
4407
7233
5486
2330
1424
2331
13671
11750
2332
5474
2333
9460
13621
13674
2335
3075
4712
2337
15926
5475
6699
6698
7231
6693
6692
6691
6690
6697
6696
6695
6694
2439
2438
3477
2433
4718
2431
2430
2437
2436
2435
4719
16820
16357
16822
16355
16352
16825
16350
16827
16828
7831
7832
7833
7834
7835
7836
1429
12110
12111
6343
12113
15518
6344
12116
6346
12118
6348
9994
12621
12411
17199
17198
17197
17196
17195
9996
17193
17192
17191
17190
10178
6518
3043
9350
9605
9356
9355
9606
9609
9608
10172
10173
10174
11034
10176
10177
16479
11035
9255
11032
7357
11033
3782
3783
1805
3781
1803
3787
3784
1546
8992
8993
3788
14511
8996
8997
1809
1808
4996
6510
4994
4995
9252
4993
4990
6511
12449
4491
15023
4998
4999
9351
5054
6513
15025
12412
9253
3716
14079
15027
14075
14074
14077
6517
14071
14070
14073
3710
3258
3259
1948
1949
1942
3251
1940
3253
1946
3255
1944
3257
13243
13242
13241
13240
13247
13246
13245
13244
13249
13248
16981
2859
2858
2851
2850
2853
2852
2855
2854
9251
2856
1490
1491
1492
5462
5465
3336
1496
5466
14211
14210
14213
1968
14215
14214
14217
14216
1394
12482
12417
5158
11187
1392
427
15053
5222
10632
1969
426
14137
3168
12416
4079
5299
12519
3169
14817
15089
17675
8935
10090
8936
17673
524
525
526
14814
520
521
522
523
1541
16024
528
529
3166
13116
1234
1235
1236
1237
1230
14811
1232
1233
7994
8933
1238
1239
8286
8287
8284
8285
8282
8283
8280
8281
5479
15812
15087
8289
15902
15038
15813
4679
10096
6503
6502
6501
6500
6507
15037
15034
15035
9359
13566
2487
15086
13564
2485
3809
10095
3805
13562
3807
3806
15514
3800
3803
2483
8462
8463
8460
8461
8466
4671
8464
8465
8468
4906
13701
9642
14121
4827
4953
7559
7558
2742
15418
15084
7552
7551
7550
7557
7556
7555
11709
15709
16109
13949
12517
16103
16102
16101
1960
16107
16106
16105
16104
11358
15083
11705
11176
4076
12867
13885
17944
13887
4177
13881
13880
4172
3062
1945
1961
13889
13888
15346
14498
15082
11175
3067
3066
9270
11350
14273
17942
9271
8654
3064
16770
11356
14493
15081
996
14360
10729
13584
14363
9275
14490
10059
2228
2229
2226
1549
2224
2225
2222
2223
8112
14496
15080
10725
5926
5927
5920
14495
5922
10056
14366
5928
5929
12513
17504
17505
17506
17507
17500
17501
17502
17503
83
10053
674
17508
17509
10052
4505
13475
13476
10206
4501
4500
4503
4502
10050
4509
4508
15200
2088
2089
15877
2082
2083
8110
2081
2086
2087
2084
2085
14189
1281
123
11652
11653
11650
11651
11656
11657
11654
11655
17760
17761
17762
17763
17764
17765
17766
17767
17768
17769
6437
17012
1264
17013
11037
4735
10193
15088
11895
9418
15871
3148
6436
130
16640
16137
15231
8427
16643
15411
16644
6435
9307
9132
16133
5211
16130
16131
12738
15412
7319
7318
6168
7315
6434
7317
9951
15703
10629
7313
7312
11902
12304
12307
12306
11906
12300
11904
11905
5966
3091
11909
12309
12308
15413
17089
12909
6433
12907
15626
15625
12904
12903
12902
12901
15620
10233
12730
9016
13711
10237
7035
9012
9013
7038
7039
10239
10238
9018
9019
9187
12733
15705
6165
8019
12735
12886
12736
6166
15959
15958
15489
15488
9136
15483
15950
15481
15480
15955
15954
15485
15484
7788
7789
7786
7787
7784
7785
7782
7783
7780
7781
14686
14687
14684
14685
14682
14683
14680
14681
16709
14688
14689
14186
1009
1008
14334
1006
1005
405
1003
1002
1001
1000
9134
13715
5967
14335
4348
4347
8008
4345
4344
4830
4342
4341
4340
14538
14539
14534
13714
14536
11017
14530
11011
14532
14533
17889
8614
8617
8616
8611
8610
8613
8612
17881
17880
17883
17882
8619
17884
17887
17886
8014
5219
13717
3307
15627
11331
11330
14333
11332
11335
6847
11337
11336
11339
11338
9581
9139
6202
4566
3304
5718
5717
5716
5715
5714
5713
5712
5711
5710
14330
2121
6911
9138
8012
3305
928
16150
14768
11489
11488
11487
11486
11485
11484
11483
11482
11481
11038
9272
1473
1442
6439
1798
8010
12472
5098
17665
17497
1475
3060
889
16590
16591
16592
16593
16594
16595
16596
16597
16598
16599
12471
3300
3578
9274
12681
12682
12683
12684
12685
12686
12687
12688
12689
888
10826
10827
10824
10825
10822
10823
10820
10821
4565
12470
3577
10828
10829
7816
7817
7814
4290
7812
7813
7810
13616
5094
7818
7819
16378
16379
14964
16374
16375
16376
16377
16370
16371
16372
16373
4497
13617
4496
9588
4495
17450
2665
16151
12476
4493
9277
14663
4492
9379
9378
13610
2660
9371
9370
9589
4490
9375
9374
9377
9376
12475
9278
13611
1829
1828
1825
1824
1827
1826
1821
1820
1823
1822
2411
2410
2145
2412
2143
4979
2417
2416
2419
4975
4976
4977
4970
4971
2149
4973
6820
12485
6821
752
6822
1920
3277
1922
1923
1924
3273
3270
1927
14053
6824
14051
14050
14057
13937
14055
14054
13936
6826
4220
3140
15880
4821
13930
13229
6828
922
15738
13221
13220
13223
4223
3068
13224
13227
1986
14945
14944
14947
14946
14941
14232
14943
25
3141
14949
14948
9662
14238
3319
3318
923
5489
5488
3311
3310
5485
3312
5483
1987
3317
3316
22
13168
5327
17953
5581
9661
5324
17024
15362
12403
5322
9336
12400
5323
12177
15361
14608
7515
12406
14609
925
60
11894
62
63
64
6475
66
67
9331
69
15365
14604
4567
14605
16200
14602
926
14603
14997
9038
11892
9330
1982
506
507
504
11893
502
503
500
501
630
1213
1210
1211
634
635
636
637
638
639
12435
927
15546
15547
15012
15545
15542
8269
6527
15541
15018
6528
8266
2434
8260
13940
15548
8263
16356
7839
10691
16354
12533
5208
16823
16824
6478
7219
3869
3868
16826
3863
3862
3861
16351
3867
3866
3865
3864
1357
7830
16829
8400
8401
8402
8403
8404
8405
8406
8407
7571
7570
7573
7572
7575
9819
7577
14931
7579
7578
9816
9817
15578
14280
9812
9813
8814
10742
16358
15437
8813
16359
16201
8812
6341
8811
6340
8810
13469
6555
4519
15434
6345
9669
12115
12434
4153
13560
4151
4156
4157
4154
4155
8166
4158
12117
13689
6349
13688
15435
4513
11156
8042
13461
15722
8337
11094
4511
6718
9741
17522
983
13467
6719
18055
4517
15432
18054
4514
11090
4515
6714
17642
11091
11649
6715
4714
9338
11648
13687
8748
6160
13686
16161
16160
16163
16162
16165
16164
16167
5905
16169
16168
5908
4211
15085
15386
13462
17562
17563
17560
17561
17566
17567
17564
17565
3481
8743
17568
3482
3485
3484
15430
8214
13412
4562
4561
13411
13416
13417
13414
13415
13418
13419
15387
9423
14255
4716
11672
11673
11674
11675
11676
11677
11678
9425
15431
9424
11152
9427
1402
15380
11646
4717
987
9601
6553
17788
17789
17786
17787
17784
17785
17782
9603
17780
17781
4059
9602
15727
9190
3167
15381
9357
14257
15524
9604
16785
16784
16787
16786
16781
16780
16783
16782
9354
16789
16788
6064
6065
6066
12096
12091
12090
6062
12092
13771
6068
12098
2604
2605
2606
2607
2600
2601
2602
2603
2608
2609
10175
10783
10782
10781
10780
10039
5287
10785
10784
10035
10034
12489
10036
10031
10030
10033
10032
4525
1190
7379
7378
7373
7372
7371
7370
7377
7376
7375
7374
11928
12322
12321
12320
12327
12326
12325
12324
11920
11921
12329
11923
11924
11925
11926
11927
9155
10259
10258
9030
9031
9036
13776
9034
9035
10251
10250
10253
10252
10255
10254
7010
7011
15556
11158
733
14252
13775
15324
5454
15438
3373
1807
751
750
757
756
755
1806
759
758
8998
13938
1354
1804
2958
2959
738
2954
1194
2956
2957
15439
2951
2952
2953
5344
1024
1027
5347
5340
5341
5342
1022
15388
3785
5348
1028
10071
1566
5456
423
8990
15451
16204
4365
4364
6084
4366
4361
4360
4363
4362
4369
4368
3324
18035
18034
18037
18036
18031
18030
18033
18032
8995
18039
18038
14558
14559
3108
3109
4997
14552
3105
14550
14551
11076
11077
11074
3103
15977
8672
15975
15974
15973
8676
8675
8674
1937
4992
8679
8678
8045
15979
15978
13782
13783
13780
13781
13786
4096
4095
13785
13766
13778
4099
13789
15604
13757
5735
5734
5737
5736
5731
5730
5733
11318
11317
11316
11315
11314
11313
5738
11311
4041
5160
4042
9868
3327
4931
13752
1563
16430
18134
12069
4048
1564
4049
13635
16205
9125
14045
15205
15204
12527
15206
15201
12520
8091
15202
1565
12529
15208
8099
8098
17130
8652
8898
11146
15608
11147
11144
11145
16578
16579
16576
16577
16574
16575
16572
16573
16570
14423
17804
14420
12668
12669
6657
6656
6655
6654
6653
12663
12660
12661
10808
10809
10804
10805
10806
10807
10800
10801
10802
10803
12171
6385
6384
6387
6386
6381
14428
6383
6382
16312
16313
16310
11149
16316
15917
16314
16315
14076
15453
16206
4175
2381
2380
2383
2382
2385
2384
2387
2386
2389
2388
14072
626
9015
9353
8075
7977
7301
12243
12456
9289
11304
7307
1849
1516
2195
1843
1842
1841
1840
1847
1846
1845
17577
3250
4958
4959
13760
12451
1943
4952
2164
2167
4951
4956
7308
4954
2162
14031
14030
14033
7309
14035
14034
14037
14036
14039
14038
1947
17045
17044
17047
17046
17041
17040
17043
17042
3294
1907
3296
1905
5133
17048
1900
5130
13207
13206
13205
13204
13203
13202
13201
13991
4543
13209
13208
12063
15555
11914
14963
14962
14961
14960
14967
14966
14965
14788
14787
14786
14785
14968
14783
14782
14781
12452
13736
15554
12815
4173
9352
12814
12817
12065
15264
12543
15557
15706
8562
12932
12813
15613
5233
13819
12066
12930
15780
6890
15782
15783
15784
6894
15786
15787
15788
6898
12937
10905
12934
17303
12067
15615
10907
6626
17301
12549
15551
10901
13811
15618
10902
17307
1278
1279
618
12939
1734
1270
1271
1272
17305
616
617
1276
615
8798
8799
8248
8249
15568
2857
15455
15564
8243
8792
8241
8246
8795
8796
8245
5461
1737
12459
10207
12627
2096
3331
9400
10908
12546
10205
10202
10203
8426
17434
8424
8425
8422
8423
4469
8421
10201
17436
8428
8429
15552
5469
9123
5468
3597
4073
3339
17431
9838
13896
17432
7599
7598
7597
9833
9830
9831
7593
9837
7591
9835
10307
10306
14372
10657
4935
5035
17438
17439
15525
10301
10652
4464
4139
1428
8666
1076
4130
4131
4132
4133
8524
17128
4136
4137
5692
3840
3843
4436
5696
3844
5694
5695
3849
4431
5698
5699
4465
16436
5374
12545
13323
7912
13870
4462
7911
5377
16048
7917
16049
13329
5968
5969
16149
16148
5960
16146
16145
16144
5964
16142
16141
16140
17548
5376
16045
15558
625
17238
17239
17540
17541
17542
17543
17544
5433
17230
17547
4549
4548
16516
6239
13430
4540
13432
4542
4545
13435
4547
4546
12608
12666
13333
11699
11696
11697
9496
11695
11692
11693
11690
11691
2048
15161
8667
1073
10889
2594
2595
2596
2597
2590
2591
2592
2593
5431
2598
2599
2049
6631
6630
5373
6633
12603
17137
5436
12604
13871
6042
15924
6040
1343
6046
6047
6044
6986
1071
6048
6049
6985
2622
2623
2620
6984
2626
2627
2624
10612
8606
2628
2629
6982
9582
9583
9580
7352
9238
9239
9584
9585
10013
10012
10011
10010
9230
10016
10015
10014
5434
7278
61
4937
14168
12349
16156
8204
13640
7337
12341
13754
12343
12342
12345
12344
12347
1502
10277
4200
10275
10274
10273
10272
10271
10270
10076
10279
10278
17945
9059
7336
9050
9051
9052
5090
9054
9055
9056
9057
17893
14588
7335
13756
5091
18008
774
777
776
771
770
773
772
779
778
7334
15420
76
2978
14696
73
72
71
70
13614
2973
2970
2971
2976
2977
79
2975
5362
1042
5360
5361
1047
1046
1045
1044
5368
5369
5093
2982
5439
10230
4303
4302
4301
4300
4307
4306
4305
421
14699
4818
7332
2986
14570
18012
18011
14573
14574
14575
14576
11057
11058
11059
18019
18018
10490
75
14162
3129
17849
17848
3122
7331
17847
17846
17841
17840
17843
3125
8659
8658
527
15999
15998
8651
8650
8653
15996
15991
15990
8657
1019
13735
13365
5096
5753
5752
5751
5750
5757
5756
9127
5754
3443
5759
5758
3448
15195
15194
14586
15196
15191
16665
15193
13765
9316
15199
15198
13615
3445
3123
860
12445
5198
863
14581
4916
862
6722
9315
865
3440
3120
1915
4939
3442
12178
1231
15223
12502
15221
15220
12507
15226
15225
12504
13330
12509
15228
2026
4607
7434
7435
7436
2755
7430
1619
7432
7433
12725
2752
7438
7439
2753
16554
16555
16556
16557
16550
16551
16552
16553
6632
2751
4604
16559
6675
12645
6677
6676
6671
12641
6673
6672
16082
2327
17948
16081
16086
12649
16084
4702
9312
4957
4701
12438
4605
13631
8890
5194
10868
10869
16287
17949
10863
10860
10861
10866
10867
10864
10865
16882
16883
16880
16333
16886
16887
16336
16885
16338
16339
4072
3124
1614
13638
18014
6725
5252
3286
4801
4603
12220
5196
13508
8288
2369
2368
6724
2366
2365
2364
2363
2362
2361
2360
11003
11002
13284
5191
11001
13222
17687
1860
17685
14520
3728
17682
17681
17680
3724
14527
3726
3727
3720
3721
3722
11006
4930
4687
4684
4685
4682
13592
13591
13590
4938
17896
11004
13599
13598
11735
11734
2109
2108
11731
1710
11733
11732
2103
2102
2101
2100
2107
11738
2105
5213
5115
5114
5117
14528
5111
5210
14019
5112
14017
15036
14015
14159
14013
14012
6951
6506
17063
17062
164
17060
17067
17066
17065
17064
17069
17068
6600
15212
14155
6328
1611
13552
10488
1716
14150
10480
10481
10482
10483
6601
10485
10486
10487
14909
14908
892
893
894
895
896
897
14901
14900
14903
14902
14905
14904
14907
5254
6389
13336
5907
16266
16267
16264
6388
6810
16265
1964
16262
3205
1788
1789
4569
16260
1780
1781
1782
1783
1784
1785
1786
1787
17643
15768
6878
15766
15767
15764
15765
15762
15763
15760
15761
14800
13500
17392
14801
17647
8925
15669
17394
14803
1615
17645
7390
3804
8923
17396
14805
13501
8221
8222
8223
8224
8225
8226
8227
8228
8229
676
677
670
671
672
673
15508
15509
1916
15502
15503
15500
3802
15506
15507
15504
15505
16037
1718
7609
7608
7607
7606
7605
7604
7603
7602
15289
7600
13553
5904
2490
14535
2493
16036
4641
8294
4444
13557
15288
1965
13556
9850
9851
9852
9853
9854
9855
9856
9857
9858
9859
9178
5
17002
8469
15178
1524
1525
1526
1527
1252
1521
1522
1523
15422
14440
1529
1258
1259
13579
3342
18122
15172
4116
4117
4114
4115
4112
4113
4110
4111
14441
7894
4118
4119
11525
15663
7895
1055
17933
11774
17932
9175
11777
17116
7891
4448
9263
15284
17937
9262
17936
988
17939
9174
9260
16031
11824
14370
4449
5946
5947
5944
14371
1966
5943
11508
5941
11506
14376
11504
11505
11502
17194
5948
11501
9173
982
16030
14444
14374
10041
18015
14375
980
9358
10043
986
10045
17277
7553
14445
984
8827
10731
12415
115
7392
11834
6505
4653
143
117
3344
7554
15280
4805
113
10758
9170
14447
16108
11523
3345
12348
1802
141
10759
14448
11827
17214
6029
17216
17217
13424
17211
14282
17213
6020
6021
6022
6023
17218
17219
6026
6027
2648
10070
10073
16100
10075
10074
12646
13464
2640
10078
14449
2643
2644
2645
2646
2647
9218
9219
9212
9213
9210
9211
9216
9217
9214
9215
12367
12366
12365
12364
12363
12362
12361
12360
3798
12369
12368
9234
13613
16179
9076
9077
9074
9075
9072
10298
9070
17221
10295
2068
10297
10296
10291
10290
9078
9079
10678
3557
3556
3555
3554
3553
3552
3551
2069
2491
11528
16056
3559
3558
1929
13528
13225
10299
2910
4174
2912
2913
2914
2915
719
718
2918
2919
9237
714
713
4176
711
710
10922
13886
4170
12628
4171
5308
5309
13883
5300
1060
1063
13882
14563
1064
5306
1066
13016
13017
13014
13015
13012
13013
13010
13011
10750
6956
13018
13019
4329
4328
2492
16053
4321
4178
14562
4322
4325
4324
4327
4179
18079
18078
3142
3143
3144
3145
14598
14599
18071
18070
14594
18072
18075
18074
18077
18076
2495
17869
17868
9232
14561
17862
17861
17860
1359
17866
17865
17864
10673
10752
5410
2494
15689
9233
9156
14560
13703
18137
1358
4146
16009
10672
3149
10753
10294
5771
5770
5773
5772
5775
2497
13890
5776
12705
3707
10671
10754
9010
2060
2496
12704
15682
10670
10755
6957
8629
2061
4756
3204
12569
12568
15241
15240
15243
15242
15245
12564
15247
12566
7412
4715
7410
3104
7416
7417
7414
7415
7418
7419
16532
16533
16530
16531
16536
7353
16534
16535
10676
16538
16539
18162
12622
12623
12620
2063
12626
1635
12624
6614
6619
12629
14281
10840
10841
10842
10843
10844
10845
10846
10847
10848
10849
7275
3106
2064
1636
12708
5082
1962
3502
3503
10674
10292
3504
16580
3107
5086
12198
12199
3506
13784
14569
12191
12192
12193
1351
12195
12196
12197
2345
2344
2347
2346
2341
2340
2343
2342
2349
2066
10738
14606
14568
15341
17777
4033
3101
16213
2067
10739
3708
3709
17669
17668
15342
1888
3702
3703
17667
17666
3706
17660
17663
17662
7001
15425
17776
2122
2125
13578
4918
15356
13575
2128
13577
4667
4912
15427
13573
13572
11713
11712
11711
11710
11717
12106
11715
2227
15353
12027
11718
15352
5173
15890
5171
10988
5177
13928
5175
5174
5179
13929
15720
13522
133
13926
15344
15721
137
2220
135
13927
17001
15726
17003
2221
17005
17004
17007
17006
1
4234
15724
10734
5925
4233
6834
13523
13923
9689
9688
9129
13439
13920
12021
9681
9680
9683
15358
9685
15728
9687
9686
15729
10735
10492
13520
5923
16011
13186
7399
13337
12022
7005
7254
7255
7256
7257
7250
7251
7252
7253
13521
16010
15347
14639
12023
14638
12906
7004
16504
14706
15744
6854
15746
15747
13960
15741
6853
15743
16013
10551
15748
15749
16465
5339
88
89
7007
5338
82
181
80
81
86
87
84
85
13527
6634
16012
15349
277
14291
8805
14293
14292
14295
14922
14921
14296
14299
14298
5494
8808
8809
14929
14928
15520
6582
6581
15523
6587
8759
6585
8209
8206
15529
6589
6588
8202
8203
8752
8201
7625
7624
7627
7626
7621
7620
7623
5940
1241
7629
7628
15887
13525
13474
7398
4504
1889
16361
7288
15266
16360
13470
11978
9192
13471
15951
16232
12028
8994
13696
15265
17611
14701
9878
9879
9876
9877
9874
9875
9872
16369
9870
9871
11155
11154
14437
16368
14431
11150
14433
14432
13478
11159
14438
13431
656
1503
1500
1501
3089
1507
1504
1505
3085
3084
3087
3086
3081
3080
658
659
1886
3943
3369
13401
13698
15263
8825
6999
13699
13809
13808
16415
9197
13804
13807
314
13801
13800
13803
13802
3885
3884
3887
3886
15648
3880
3883
6708
15262
13526
3889
3888
13571
11202
11851
9196
2484
13188
2080
1884
17778
18041
189
11524
12431
11526
11527
11520
11521
11522
10040
13189
1883
8327
13402
8326
15260
6994
8321
18047
11658
7123
6704
13966
11853
11659
17963
8773
1882
8322
10378
13405
8771
6995
2649
8776
8777
14237
9912
8774
1881
2650
4019
3366
13404
16117
10639
6996
14269
17813
1291
8656
1880
9918
3367
13407
13449
10638
6997
14709
13570
7644
16275
16274
16277
16276
16271
16270
16273
16272
13406
16111
16279
17818
6990
6007
6004
6005
6002
2169
6000
6001
11857
6008
6009
17272
17273
17270
17271
17276
3361
17274
17275
17278
17279
6991
7395
7394
7397
9273
991
990
7393
10058
10057
9279
10727
10726
10721
10720
10051
10722
15640
2021
6992
12389
12388
12647
12385
12384
12387
12386
12381
12380
12383
12382
15643
17844
15269
10634
13324
9011
12640
9099
9094
9095
9096
9097
9090
9091
9092
9093
15642
15268
14727
2165
17496
5099
17494
17495
17492
17493
16318
17491
13921
3574
5092
3576
3571
3570
17498
17499
2666
13387
13384
13385
2662
2663
13380
2661
13326
13388
13389
10276
2938
2939
11836
2937
2934
2935
2932
2933
2930
1115
5326
10631
7849
5325
11898
11899
5320
5321
13327
14607
11896
11897
11890
11891
2041
5329
1747
17111
11837
1396
17598
10630
13038
13039
13034
13035
13036
10777
13030
13031
13032
13033
18057
11095
11096
1839
18053
18052
18051
18050
4428
11098
11099
18059
18058
17801
17800
17803
17802
17805
2161
17807
17806
17809
17808
3164
3165
3162
3163
3160
3161
2154
4832
2155
5529
17842
2404
731
730
13322
4982
735
734
737
736
739
4985
4984
4057
2152
4056
4986
4055
2163
4054
11262
13742
15006
2006
1273
13743
15209
1602
13740
13741
7936
12648
15005
11830
8139
17312
10655
15267
8566
8565
12544
12811
12810
12541
12540
15004
2004
13749
12819
12818
8569
8568
8930
6363
6287
10654
16411
10779
7478
7479
16311
14468
2005
7470
7471
7472
7473
7474
7475
7476
7477
16518
16519
2931
11172
16510
16047
16044
16513
16514
16515
16040
16041
6639
12609
14410
12600
12601
12602
4423
6635
12605
12606
12607
6281
13328
10656
7022
14414
16317
17118
14991
15009
5506
2318
9206
9600
11178
14068
2909
7021
9159
14069
2298
5507
4421
13636
13637
13634
4704
4703
2326
2325
2324
1959
2329
2328
10928
4709
1958
5080
3759
17318
4138
287
3299
3760
3761
3762
3763
3764
3765
3766
3767
3768
3769
14994
17399
17398
17649
17648
13445
1792
12571
1616
17390
17641
17640
17395
12130
17397
17644
2499
2498
4648
4649
4642
14462
4640
13550
4646
4647
4644
13554
11779
11778
7931
1294
7898
7899
11771
7897
11773
11772
16089
7893
7890
11776
17027
17026
17025
7316
17023
17022
17021
14463
6267
7311
5153
5152
5155
5154
17029
7310
12894
114
16451
116
111
110
4536
112
119
118
165
12305
14460
11903
13633
11900
13437
1331
16221
12301
11907
2777
5826
8194
12303
17664
12302
12896
8932
1330
167
11908
10962
7272
7273
7270
7271
7276
7277
7274
15271
13544
7279
16452
8550
641
15273
160
12554
16938
8557
6833
15723
15892
6830
15894
15276
6835
15725
13545
15899
16455
15277
10556
8004
10554
10555
10552
10553
10550
15279
8006
10558
10559
9607
8559
15629
12893
16454
15628
10416
8822
12256
8820
8821
8826
12808
15588
6101
14287
8828
8003
12905
15098
15099
8778
15624
13547
17339
16457
8097
15090
15623
15092
10911
15094
15095
15096
15622
7643
7642
163
7640
7647
15621
7645
17336
7649
12900
7103
7030
13540
17334
8096
7031
18060
1862
14208
17332
9017
1748
17331
1744
7034
1746
17330
1740
1741
1742
5499
13541
7926
8095
17018
7036
18061
5028
5668
11500
1484
17115
5631
3306
9130
6976
5632
14203
9137
8007
1489
17444
11173
14412
11171
5497
14417
7920
1864
11174
3302
14419
7921
3303
1568
10646
1298
1299
14204
10647
1292
1293
1562
3301
1296
10312
8874
8093
18067
10645
1867
11939
10642
8487
11930
10643
6974
13829
13828
10640
7462
13823
13822
13821
13820
13827
13826
13825
13824
4440
1866
7460
5638
5639
13350
5634
5635
5636
5637
5630
13353
6975
5633
8480
8481
8482
8483
8484
8485
8486
11874
8488
8489
7464
6367
13354
