1 0 1
2 0 2
3 1 2
4 1 2
5 1 2
6 0 3
7 1 2
8 1 3
9 1 3
10 1 3
11 1 1
12 1 3
13 1 2
14 0 3
15 1 3
16 1 3
17 1 1
18 0 1
19 1 1
20 1 3
21 1 4
22 1 4
23 1 2
24 0 3
25 1 1
26 0 3
27 1 3
28 1 2
29 1 3
30 0 3
31 0 3
32 1 2
33 1 1
34 1 3
35 0 2
36 1 3
37 1 5
38 0 2
39 1 3
40 0 2
41 1 3
42 0 1
43 1 1
44 1 2
45 0 3
46 1 2
47 1 2
48 1 1
49 0 2
50 0 2
51 1 2
52 1 2
53 0 2
54 1 1
55 1 3
56 0 3
57 0 1
58 0 3
59 0 3
60 0 2
61 0 1
62 1 3
63 0 2
64 1 3
65 1 2
66 1 2
67 1 2
68 1 3
69 1 3
70 0 4
71 1 2
72 1 1
73 1 1
74 0 3
75 0 3
76 0 6
77 1 3
78 1 2
79 1 1
80 1 1
81 1 2
82 1 2
83 1 2
84 1 3
85 1 3
86 1 3
87 0 3
88 0 3
89 1 2
90 0 1
91 0 3
92 0 1
93 0 3
94 1 2
95 1 1
96 1 3
97 1 3
98 1 3
99 1 2
100 0 3
101 1 3
102 1 2
103 0 2
104 1 2
